frame, face_id, timestamp, confidence, success, gaze_0_x, gaze_0_y, gaze_0_z, gaze_1_x, gaze_1_y, gaze_1_z, gaze_angle_x, gaze_angle_y, eye_lmk_x_0, eye_lmk_x_1, eye_lmk_x_2, eye_lmk_x_3, eye_lmk_x_4, eye_lmk_x_5, eye_lmk_x_6, eye_lmk_x_7, eye_lmk_x_8, eye_lmk_x_9, eye_lmk_x_10, eye_lmk_x_11, eye_lmk_x_12, eye_lmk_x_13, eye_lmk_x_14, eye_lmk_x_15, eye_lmk_x_16, eye_lmk_x_17, eye_lmk_x_18, eye_lmk_x_19, eye_lmk_x_20, eye_lmk_x_21, eye_lmk_x_22, eye_lmk_x_23, eye_lmk_x_24, eye_lmk_x_25, eye_lmk_x_26, eye_lmk_x_27, eye_lmk_x_28, eye_lmk_x_29, eye_lmk_x_30, eye_lmk_x_31, eye_lmk_x_32, eye_lmk_x_33, eye_lmk_x_34, eye_lmk_x_35, eye_lmk_x_36, eye_lmk_x_37, eye_lmk_x_38, eye_lmk_x_39, eye_lmk_x_40, eye_lmk_x_41, eye_lmk_x_42, eye_lmk_x_43, eye_lmk_x_44, eye_lmk_x_45, eye_lmk_x_46, eye_lmk_x_47, eye_lmk_x_48, eye_lmk_x_49, eye_lmk_x_50, eye_lmk_x_51, eye_lmk_x_52, eye_lmk_x_53, eye_lmk_x_54, eye_lmk_x_55, eye_lmk_y_0, eye_lmk_y_1, eye_lmk_y_2, eye_lmk_y_3, eye_lmk_y_4, eye_lmk_y_5, eye_lmk_y_6, eye_lmk_y_7, eye_lmk_y_8, eye_lmk_y_9, eye_lmk_y_10, eye_lmk_y_11, eye_lmk_y_12, eye_lmk_y_13, eye_lmk_y_14, eye_lmk_y_15, eye_lmk_y_16, eye_lmk_y_17, eye_lmk_y_18, eye_lmk_y_19, eye_lmk_y_20, eye_lmk_y_21, eye_lmk_y_22, eye_lmk_y_23, eye_lmk_y_24, eye_lmk_y_25, eye_lmk_y_26, eye_lmk_y_27, eye_lmk_y_28, eye_lmk_y_29, eye_lmk_y_30, eye_lmk_y_31, eye_lmk_y_32, eye_lmk_y_33, eye_lmk_y_34, eye_lmk_y_35, eye_lmk_y_36, eye_lmk_y_37, eye_lmk_y_38, eye_lmk_y_39, eye_lmk_y_40, eye_lmk_y_41, eye_lmk_y_42, eye_lmk_y_43, eye_lmk_y_44, eye_lmk_y_45, eye_lmk_y_46, eye_lmk_y_47, eye_lmk_y_48, eye_lmk_y_49, eye_lmk_y_50, eye_lmk_y_51, eye_lmk_y_52, eye_lmk_y_53, eye_lmk_y_54, eye_lmk_y_55, eye_lmk_X_0, eye_lmk_X_1, eye_lmk_X_2, eye_lmk_X_3, eye_lmk_X_4, eye_lmk_X_5, eye_lmk_X_6, eye_lmk_X_7, eye_lmk_X_8, eye_lmk_X_9, eye_lmk_X_10, eye_lmk_X_11, eye_lmk_X_12, eye_lmk_X_13, eye_lmk_X_14, eye_lmk_X_15, eye_lmk_X_16, eye_lmk_X_17, eye_lmk_X_18, eye_lmk_X_19, eye_lmk_X_20, eye_lmk_X_21, eye_lmk_X_22, eye_lmk_X_23, eye_lmk_X_24, eye_lmk_X_25, eye_lmk_X_26, eye_lmk_X_27, eye_lmk_X_28, eye_lmk_X_29, eye_lmk_X_30, eye_lmk_X_31, eye_lmk_X_32, eye_lmk_X_33, eye_lmk_X_34, eye_lmk_X_35, eye_lmk_X_36, eye_lmk_X_37, eye_lmk_X_38, eye_lmk_X_39, eye_lmk_X_40, eye_lmk_X_41, eye_lmk_X_42, eye_lmk_X_43, eye_lmk_X_44, eye_lmk_X_45, eye_lmk_X_46, eye_lmk_X_47, eye_lmk_X_48, eye_lmk_X_49, eye_lmk_X_50, eye_lmk_X_51, eye_lmk_X_52, eye_lmk_X_53, eye_lmk_X_54, eye_lmk_X_55, eye_lmk_Y_0, eye_lmk_Y_1, eye_lmk_Y_2, eye_lmk_Y_3, eye_lmk_Y_4, eye_lmk_Y_5, eye_lmk_Y_6, eye_lmk_Y_7, eye_lmk_Y_8, eye_lmk_Y_9, eye_lmk_Y_10, eye_lmk_Y_11, eye_lmk_Y_12, eye_lmk_Y_13, eye_lmk_Y_14, eye_lmk_Y_15, eye_lmk_Y_16, eye_lmk_Y_17, eye_lmk_Y_18, eye_lmk_Y_19, eye_lmk_Y_20, eye_lmk_Y_21, eye_lmk_Y_22, eye_lmk_Y_23, eye_lmk_Y_24, eye_lmk_Y_25, eye_lmk_Y_26, eye_lmk_Y_27, eye_lmk_Y_28, eye_lmk_Y_29, eye_lmk_Y_30, eye_lmk_Y_31, eye_lmk_Y_32, eye_lmk_Y_33, eye_lmk_Y_34, eye_lmk_Y_35, eye_lmk_Y_36, eye_lmk_Y_37, eye_lmk_Y_38, eye_lmk_Y_39, eye_lmk_Y_40, eye_lmk_Y_41, eye_lmk_Y_42, eye_lmk_Y_43, eye_lmk_Y_44, eye_lmk_Y_45, eye_lmk_Y_46, eye_lmk_Y_47, eye_lmk_Y_48, eye_lmk_Y_49, eye_lmk_Y_50, eye_lmk_Y_51, eye_lmk_Y_52, eye_lmk_Y_53, eye_lmk_Y_54, eye_lmk_Y_55, eye_lmk_Z_0, eye_lmk_Z_1, eye_lmk_Z_2, eye_lmk_Z_3, eye_lmk_Z_4, eye_lmk_Z_5, eye_lmk_Z_6, eye_lmk_Z_7, eye_lmk_Z_8, eye_lmk_Z_9, eye_lmk_Z_10, eye_lmk_Z_11, eye_lmk_Z_12, eye_lmk_Z_13, eye_lmk_Z_14, eye_lmk_Z_15, eye_lmk_Z_16, eye_lmk_Z_17, eye_lmk_Z_18, eye_lmk_Z_19, eye_lmk_Z_20, eye_lmk_Z_21, eye_lmk_Z_22, eye_lmk_Z_23, eye_lmk_Z_24, eye_lmk_Z_25, eye_lmk_Z_26, eye_lmk_Z_27, eye_lmk_Z_28, eye_lmk_Z_29, eye_lmk_Z_30, eye_lmk_Z_31, eye_lmk_Z_32, eye_lmk_Z_33, eye_lmk_Z_34, eye_lmk_Z_35, eye_lmk_Z_36, eye_lmk_Z_37, eye_lmk_Z_38, eye_lmk_Z_39, eye_lmk_Z_40, eye_lmk_Z_41, eye_lmk_Z_42, eye_lmk_Z_43, eye_lmk_Z_44, eye_lmk_Z_45, eye_lmk_Z_46, eye_lmk_Z_47, eye_lmk_Z_48, eye_lmk_Z_49, eye_lmk_Z_50, eye_lmk_Z_51, eye_lmk_Z_52, eye_lmk_Z_53, eye_lmk_Z_54, eye_lmk_Z_55, pose_Tx, pose_Ty, pose_Tz, pose_Rx, pose_Ry, pose_Rz, x_0, x_1, x_2, x_3, x_4, x_5, x_6, x_7, x_8, x_9, x_10, x_11, x_12, x_13, x_14, x_15, x_16, x_17, x_18, x_19, x_20, x_21, x_22, x_23, x_24, x_25, x_26, x_27, x_28, x_29, x_30, x_31, x_32, x_33, x_34, x_35, x_36, x_37, x_38, x_39, x_40, x_41, x_42, x_43, x_44, x_45, x_46, x_47, x_48, x_49, x_50, x_51, x_52, x_53, x_54, x_55, x_56, x_57, x_58, x_59, x_60, x_61, x_62, x_63, x_64, x_65, x_66, x_67, y_0, y_1, y_2, y_3, y_4, y_5, y_6, y_7, y_8, y_9, y_10, y_11, y_12, y_13, y_14, y_15, y_16, y_17, y_18, y_19, y_20, y_21, y_22, y_23, y_24, y_25, y_26, y_27, y_28, y_29, y_30, y_31, y_32, y_33, y_34, y_35, y_36, y_37, y_38, y_39, y_40, y_41, y_42, y_43, y_44, y_45, y_46, y_47, y_48, y_49, y_50, y_51, y_52, y_53, y_54, y_55, y_56, y_57, y_58, y_59, y_60, y_61, y_62, y_63, y_64, y_65, y_66, y_67, X_0, X_1, X_2, X_3, X_4, X_5, X_6, X_7, X_8, X_9, X_10, X_11, X_12, X_13, X_14, X_15, X_16, X_17, X_18, X_19, X_20, X_21, X_22, X_23, X_24, X_25, X_26, X_27, X_28, X_29, X_30, X_31, X_32, X_33, X_34, X_35, X_36, X_37, X_38, X_39, X_40, X_41, X_42, X_43, X_44, X_45, X_46, X_47, X_48, X_49, X_50, X_51, X_52, X_53, X_54, X_55, X_56, X_57, X_58, X_59, X_60, X_61, X_62, X_63, X_64, X_65, X_66, X_67, Y_0, Y_1, Y_2, Y_3, Y_4, Y_5, Y_6, Y_7, Y_8, Y_9, Y_10, Y_11, Y_12, Y_13, Y_14, Y_15, Y_16, Y_17, Y_18, Y_19, Y_20, Y_21, Y_22, Y_23, Y_24, Y_25, Y_26, Y_27, Y_28, Y_29, Y_30, Y_31, Y_32, Y_33, Y_34, Y_35, Y_36, Y_37, Y_38, Y_39, Y_40, Y_41, Y_42, Y_43, Y_44, Y_45, Y_46, Y_47, Y_48, Y_49, Y_50, Y_51, Y_52, Y_53, Y_54, Y_55, Y_56, Y_57, Y_58, Y_59, Y_60, Y_61, Y_62, Y_63, Y_64, Y_65, Y_66, Y_67, Z_0, Z_1, Z_2, Z_3, Z_4, Z_5, Z_6, Z_7, Z_8, Z_9, Z_10, Z_11, Z_12, Z_13, Z_14, Z_15, Z_16, Z_17, Z_18, Z_19, Z_20, Z_21, Z_22, Z_23, Z_24, Z_25, Z_26, Z_27, Z_28, Z_29, Z_30, Z_31, Z_32, Z_33, Z_34, Z_35, Z_36, Z_37, Z_38, Z_39, Z_40, Z_41, Z_42, Z_43, Z_44, Z_45, Z_46, Z_47, Z_48, Z_49, Z_50, Z_51, Z_52, Z_53, Z_54, Z_55, Z_56, Z_57, Z_58, Z_59, Z_60, Z_61, Z_62, Z_63, Z_64, Z_65, Z_66, Z_67, p_scale, p_rx, p_ry, p_rz, p_tx, p_ty, p_0, p_1, p_2, p_3, p_4, p_5, p_6, p_7, p_8, p_9, p_10, p_11, p_12, p_13, p_14, p_15, p_16, p_17, p_18, p_19, p_20, p_21, p_22, p_23, p_24, p_25, p_26, p_27, p_28, p_29, p_30, p_31, p_32, p_33, AU01_r, AU02_r, AU04_r, AU05_r, AU06_r, AU07_r, AU09_r, AU10_r, AU12_r, AU14_r, AU15_r, AU17_r, AU20_r, AU23_r, AU25_r, AU26_r, AU45_r, AU01_c, AU02_c, AU04_c, AU05_c, AU06_c, AU07_c, AU09_c, AU10_c, AU12_c, AU14_c, AU15_c, AU17_c, AU20_c, AU23_c, AU25_c, AU26_c, AU28_c, AU45_c
1, 0, 0.000, 0.98, 1, -0.131701, 0.259057, -0.956841, -0.331419, 0.269278, -0.904240, -0.244, 0.277, 115.6, 116.8, 119.4, 122.0, 123.0, 122.1, 119.2, 116.7, 112.7, 114.0, 115.9, 118.6, 121.5, 123.9, 125.7, 123.7, 121.1, 118.4, 116.0, 114.0, 118.3, 119.4, 120.5, 121.0, 120.6, 119.5, 118.3, 117.8, 149.5, 150.4, 153.2, 156.3, 157.9, 157.0, 154.2, 150.9, 146.9, 148.6, 150.9, 154.1, 157.3, 160.0, 162.0, 160.2, 157.7, 154.8, 151.8, 149.0, 152.6, 153.9, 155.1, 155.5, 154.9, 153.5, 152.3, 151.9, 62.8, 60.1, 58.9, 59.9, 62.5, 65.4, 66.3, 65.4, 64.6, 62.9, 61.7, 61.0, 61.4, 62.6, 64.2, 65.0, 65.3, 65.5, 65.6, 65.3, 64.0, 64.4, 63.9, 62.7, 61.6, 61.1, 61.7, 62.8, 60.4, 57.4, 55.9, 56.8, 59.6, 62.6, 64.1, 63.5, 62.6, 60.7, 59.1, 58.2, 58.5, 59.5, 60.9, 61.9, 62.5, 62.8, 63.0, 63.1, 61.6, 62.0, 61.3, 60.0, 58.8, 58.4, 59.0, 60.3, -14.8, -13.0, -8.9, -4.8, -3.2, -4.6, -9.0, -13.1, -19.6, -17.5, -14.3, -10.0, -5.4, -1.7, 1.0, -2.0, -6.1, -10.3, -14.2, -17.4, -10.6, -8.8, -7.0, -6.2, -6.9, -8.7, -10.5, -11.3, 34.9, 36.3, 40.4, 44.8, 46.8, 45.4, 41.3, 36.7, 31.3, 33.5, 36.8, 41.2, 45.9, 50.1, 53.3, 50.3, 46.4, 42.1, 37.9, 34.1, 39.2, 41.1, 42.9, 43.6, 42.7, 40.7, 38.9, 38.3, -98.1, -102.5, -104.3, -102.4, -97.9, -93.2, -91.7, -93.6, -96.6, -98.5, -99.7, -100.2, -99.4, -97.7, -95.2, -93.7, -93.1, -92.9, -93.3, -94.5, -96.0, -95.2, -96.0, -97.9, -99.9, -100.7, -99.9, -98.0, -91.9, -96.6, -98.9, -97.5, -93.2, -88.5, -86.2, -87.3, -89.1, -91.5, -93.4, -94.5, -94.5, -93.8, -92.4, -90.1, -88.6, -87.8, -87.6, -87.8, -90.3, -89.7, -90.7, -92.8, -94.7, -95.3, -94.3, -92.2, 359.3, 360.1, 359.6, 358.2, 356.6, 356.0, 356.3, 357.8, 364.3, 361.5, 358.7, 356.7, 356.1, 356.4, 357.1, 355.9, 355.2, 355.8, 357.8, 360.9, 358.6, 358.0, 357.8, 358.1, 358.8, 359.4, 359.7, 359.3, 324.0, 325.3, 325.9, 325.6, 324.5, 323.2, 322.6, 323.1, 325.2, 324.0, 323.0, 322.7, 323.9, 326.1, 328.5, 325.5, 323.0, 321.7, 321.9, 323.4, 324.4, 324.3, 324.6, 325.1, 325.6, 325.8, 325.5, 324.9, 21.4, -71.0, 396.2, 0.215, 0.350, -0.062, 106.6, 106.4, 107.3, 109.3, 112.8, 117.9, 124.0, 130.6, 139.6, 150.0, 160.8, 170.8, 178.6, 183.4, 185.2, 186.2, 186.7, 105.8, 109.2, 114.4, 120.1, 125.5, 139.9, 147.8, 156.0, 164.2, 170.7, 133.1, 132.2, 131.2, 130.3, 125.1, 128.9, 133.0, 137.7, 142.3, 112.6, 116.2, 121.2, 125.8, 121.0, 116.1, 146.6, 151.5, 157.0, 162.2, 157.4, 152.0, 121.2, 124.4, 129.4, 133.7, 139.0, 148.0, 157.6, 149.5, 141.0, 135.2, 130.5, 125.2, 123.5, 129.9, 134.3, 139.6, 154.9, 140.6, 135.0, 130.6, 68.1, 77.8, 87.4, 96.9, 105.9, 114.1, 121.0, 126.9, 128.5, 126.8, 122.0, 115.8, 107.7, 97.6, 86.3, 75.0, 63.8, 56.9, 51.9, 50.1, 50.2, 52.2, 50.8, 47.5, 46.5, 48.0, 52.4, 60.9, 67.0, 73.1, 79.4, 85.6, 86.8, 87.7, 86.1, 84.7, 64.6, 61.6, 61.3, 64.3, 65.3, 65.6, 62.8, 58.9, 58.6, 60.9, 62.5, 63.0, 99.0, 95.2, 93.4, 94.1, 92.8, 93.9, 96.6, 104.4, 108.2, 109.1, 108.9, 106.1, 99.2, 97.0, 97.2, 96.3, 97.1, 103.0, 103.9, 103.6, -37.2, -37.2, -35.4, -31.4, -24.3, -13.8, -1.8, 10.0, 25.5, 43.6, 63.5, 82.3, 96.9, 105.4, 108.5, 110.8, 112.5, -36.1, -29.1, -19.0, -8.6, 0.9, 24.6, 37.6, 51.4, 65.2, 76.4, 13.5, 11.8, 10.0, 8.3, 0.1, 6.5, 12.9, 20.7, 28.1, -22.8, -15.9, -6.8, 1.4, -7.1, -16.0, 36.6, 44.5, 53.5, 62.1, 53.9, 45.2, -6.8, -1.1, 7.3, 14.2, 22.7, 37.6, 55.0, 40.5, 26.0, 16.8, 9.1, 0.4, -2.7, 8.2, 15.2, 23.8, 50.4, 25.5, 16.6, 9.3, -114.6, -94.6, -75.2, -56.2, -37.9, -21.3, -7.4, 3.4, 6.2, 3.2, -5.3, -16.5, -31.2, -49.5, -69.8, -90.6, -111.6, -128.0, -134.3, -134.1, -130.2, -123.9, -122.6, -128.0, -130.1, -128.0, -121.2, -107.0, -95.0, -83.5, -72.0, -66.0, -63.1, -60.7, -63.2, -65.4, -110.9, -114.4, -113.5, -107.0, -106.2, -106.8, -105.2, -111.1, -111.0, -107.1, -104.0, -103.7, -46.9, -50.9, -52.2, -50.5, -52.2, -51.0, -47.9, -34.0, -27.4, -26.1, -26.7, -32.5, -46.1, -46.5, -45.6, -46.6, -47.0, -36.0, -34.8, -35.7, 459.3, 456.6, 455.2, 454.7, 452.0, 443.7, 429.4, 409.5, 398.0, 396.6, 403.6, 409.7, 411.6, 411.7, 411.0, 413.0, 415.7, 428.4, 418.7, 407.9, 396.5, 387.6, 376.3, 376.2, 377.5, 378.8, 380.8, 380.4, 373.6, 366.6, 359.8, 381.9, 375.8, 370.5, 369.8, 369.8, 418.3, 411.1, 406.3, 401.8, 405.1, 409.9, 385.2, 383.1, 381.0, 380.6, 379.1, 381.2, 410.4, 389.5, 376.4, 371.9, 369.1, 373.2, 384.2, 376.1, 370.9, 374.0, 378.6, 392.6, 406.9, 378.5, 373.7, 370.8, 383.9, 373.1, 376.0, 381.2, 0.577, 0.058, 0.345, -0.058, 137.739, 83.642, -3.062, -19.463, 20.215, -8.780, -3.342, -7.396, -5.787, 8.116, -2.122, 1.234, -3.277, 0.767, -0.220, -0.544, -0.808, 0.117, -0.279, 0.430, -0.727, -0.752, -0.087, 0.747, -0.272, -0.085, 0.313, -0.306, 0.240, -0.020, 0.056, -0.037, 0.064, -0.017, -0.002, 0.012, 2.56, 0.00, 0.54, 0.00, 0.47, 0.00, 0.00, 0.23, 0.88, 1.91, 0.23, 0.00, 0.33, 0.00, 1.66, 0.22, 0.00, 1.0, 0.0, 0.0, 0.0, 0.0, 0.0, 0.0, 1.0, 1.0, 1.0, 1.0, 0.0, 1.0, 0.0, 1.0, 0.0, 0.0, 0.0
2, 0, 0.203, 0.98, 1, -0.141843, 0.269929, -0.952375, -0.335654, 0.285596, -0.897648, -0.253, 0.292, 117.3, 118.4, 121.0, 123.5, 124.6, 123.7, 120.9, 118.3, 114.4, 115.6, 117.6, 120.2, 123.2, 125.6, 127.3, 125.4, 122.8, 120.1, 117.7, 115.7, 119.9, 121.1, 122.2, 122.7, 122.2, 121.1, 119.9, 119.5, 151.1, 151.9, 154.7, 157.9, 159.5, 158.7, 155.9, 152.5, 148.5, 150.1, 152.5, 155.6, 158.9, 161.6, 163.6, 161.9, 159.4, 156.5, 153.5, 150.6, 154.2, 155.5, 156.8, 157.1, 156.4, 155.0, 153.8, 153.4, 66.8, 64.1, 62.8, 63.8, 66.4, 69.4, 70.4, 69.4, 68.6, 66.9, 65.7, 65.0, 65.4, 66.5, 68.2, 69.0, 69.3, 69.6, 69.6, 69.4, 68.0, 68.4, 67.9, 66.7, 65.5, 65.1, 65.7, 66.8, 64.0, 60.9, 59.3, 60.2, 63.0, 66.1, 67.6, 67.1, 66.2, 64.2, 62.6, 61.7, 61.9, 62.8, 64.2, 65.3, 65.9, 66.4, 66.6, 66.8, 65.1, 65.5, 64.8, 63.4, 62.2, 61.8, 62.5, 63.9, -12.1, -10.4, -6.3, -2.3, -0.6, -2.0, -6.4, -10.4, -16.8, -14.8, -11.7, -7.5, -2.9, 0.9, 3.7, 0.6, -3.5, -7.7, -11.5, -14.7, -7.9, -6.2, -4.4, -3.6, -4.4, -6.2, -7.9, -8.7, 36.7, 38.0, 42.1, 46.5, 48.6, 47.3, 43.2, 38.6, 33.2, 35.3, 38.5, 43.0, 47.7, 51.9, 55.1, 52.2, 48.3, 44.0, 39.8, 36.0, 41.1, 43.0, 44.8, 45.4, 44.4, 42.5, 40.7, 40.1, -91.4, -95.8, -97.6, -95.8, -91.3, -86.6, -85.1, -87.0, -89.9, -91.8, -93.0, -93.5, -92.8, -91.1, -88.7, -87.1, -86.4, -86.2, -86.6, -87.8, -89.4, -88.6, -89.4, -91.3, -93.3, -94.1, -93.3, -91.4, -85.9, -90.6, -93.0, -91.7, -87.5, -82.8, -80.4, -81.3, -83.0, -85.5, -87.5, -88.7, -88.8, -88.2, -86.8, -84.5, -82.9, -82.0, -81.7, -81.8, -84.4, -83.9, -84.9, -87.0, -88.8, -89.4, -88.3, -86.3, 358.0, 358.6, 358.0, 356.5, 355.1, 354.6, 355.1, 356.6, 363.1, 360.2, 357.3, 355.2, 354.5, 354.9, 355.6, 354.5, 353.8, 354.5, 356.6, 359.7, 357.3, 356.7, 356.4, 356.7, 357.3, 357.9, 358.2, 357.9, 320.6, 321.8, 322.5, 322.3, 321.3, 320.1, 319.4, 319.8, 321.8, 320.6, 319.6, 319.4, 320.6, 322.9, 325.4, 322.4, 319.9, 318.5, 318.7, 320.1, 321.1, 321.1, 321.4, 321.9, 322.3, 322.4, 322.1, 321.6, 25.0, -66.3, 401.6, 0.254, 0.357, -0.086, 109.0, 108.7, 109.4, 111.4, 114.9, 120.0, 126.2, 132.8, 141.6, 152.0, 162.5, 172.5, 180.6, 185.5, 187.2, 188.0, 188.3, 107.8, 110.8, 115.7, 121.3, 126.6, 141.2, 149.2, 157.5, 165.7, 172.3, 134.3, 133.5, 132.7, 131.8, 126.8, 130.7, 134.8, 139.6, 144.2, 114.3, 117.8, 122.7, 127.5, 122.7, 117.9, 148.2, 153.0, 158.5, 163.8, 159.1, 153.7, 123.3, 126.5, 131.5, 135.8, 141.2, 150.3, 160.1, 152.1, 143.4, 137.6, 132.8, 127.5, 125.5, 132.0, 136.4, 141.8, 157.5, 142.8, 137.2, 132.6, 71.7, 80.9, 89.9, 98.8, 107.4, 115.5, 122.6, 129.0, 130.9, 129.1, 124.0, 117.5, 109.1, 98.8, 87.4, 76.0, 64.7, 60.8, 56.1, 54.4, 54.4, 56.2, 54.5, 51.1, 50.0, 51.5, 55.8, 65.1, 71.2, 77.3, 83.7, 89.5, 90.7, 91.6, 90.0, 88.6, 68.6, 65.6, 65.3, 68.3, 69.3, 69.7, 66.4, 62.4, 62.0, 64.1, 66.0, 66.6, 102.1, 98.9, 97.4, 98.1, 96.6, 97.3, 99.3, 107.3, 111.4, 112.4, 112.2, 109.2, 102.4, 100.9, 101.0, 100.1, 99.9, 106.4, 107.3, 107.0, -32.4, -32.7, -31.2, -27.4, -20.4, -10.0, 2.3, 14.3, 29.7, 48.0, 67.8, 87.0, 102.3, 111.1, 113.9, 115.8, 116.9, -32.7, -26.4, -16.8, -6.6, 2.8, 27.0, 40.2, 54.2, 68.1, 79.7, 15.7, 14.2, 12.5, 10.9, 3.0, 9.5, 16.2, 24.1, 31.6, -19.9, -13.2, -4.1, 4.5, -4.1, -13.0, 39.6, 47.5, 56.5, 65.3, 57.2, 48.3, -3.2, 2.6, 10.9, 18.0, 26.7, 42.2, 60.1, 45.5, 30.5, 21.0, 13.2, 4.4, 1.0, 11.8, 19.0, 27.8, 55.7, 29.6, 20.5, 13.0, -107.5, -88.6, -70.4, -52.6, -35.3, -18.8, -4.6, 7.3, 10.5, 7.2, -1.9, -13.8, -29.1, -48.2, -68.9, -90.1, -111.5, -122.2, -128.0, -127.6, -123.9, -118.1, -117.3, -122.8, -125.1, -122.9, -116.5, -101.0, -89.1, -77.6, -66.1, -60.3, -57.3, -55.1, -57.7, -60.0, -104.9, -108.5, -107.7, -101.2, -100.3, -100.8, -99.9, -106.1, -106.2, -102.5, -99.0, -98.5, -42.1, -45.4, -46.4, -44.7, -46.6, -46.1, -44.1, -29.7, -22.5, -21.1, -21.7, -27.7, -41.2, -40.8, -40.0, -41.1, -43.0, -30.9, -29.7, -30.6, 459.9, 457.4, 456.8, 457.8, 457.5, 451.4, 438.8, 419.5, 407.0, 405.3, 411.5, 417.1, 418.8, 418.6, 417.6, 419.0, 421.0, 433.7, 423.3, 411.9, 400.2, 391.1, 379.1, 378.6, 379.8, 381.2, 383.5, 384.2, 377.6, 370.8, 364.3, 387.2, 381.1, 376.0, 375.3, 375.1, 423.9, 416.1, 411.1, 406.5, 410.1, 415.2, 388.5, 386.2, 384.0, 383.6, 382.2, 384.5, 417.8, 396.3, 382.6, 377.8, 374.6, 379.1, 390.3, 382.7, 377.3, 380.8, 385.7, 400.2, 414.2, 385.0, 379.8, 376.5, 390.1, 379.0, 382.4, 387.9, 0.569, 0.106, 0.338, -0.079, 139.622, 86.868, -2.650, -28.845, 21.576, -7.953, -2.810, -8.485, -12.256, 4.797, -2.228, 2.567, -2.759, 1.529, 0.645, -0.961, -0.984, 0.255, -0.826, -0.176, -0.317, -1.003, -0.080, 1.455, -1.009, -0.085, 0.499, -0.629, 0.473, -0.014, 0.084, -0.062, 0.138, -0.028, 0.024, 0.035, 1.95, 0.00, 0.21, 0.00, 0.65, 0.00, 0.00, 1.05, 1.20, 1.88, 0.02, 0.00, 0.24, 0.00, 1.98, 1.97, 0.00, 1.0, 0.0, 0.0, 0.0, 0.0, 0.0, 0.0, 1.0, 1.0, 1.0, 1.0, 0.0, 1.0, 0.0, 1.0, 0.0, 0.0, 0.0
3, 0, 0.407, 0.98, 1, -0.154276, 0.256945, -0.954033, -0.345162, 0.273033, -0.897951, -0.263, 0.279, 117.5, 118.5, 121.1, 123.6, 124.7, 123.8, 121.0, 118.5, 114.6, 115.8, 117.7, 120.3, 123.2, 125.6, 127.3, 125.4, 122.8, 120.2, 117.8, 115.9, 120.1, 121.2, 122.3, 122.8, 122.3, 121.2, 120.1, 119.6, 150.9, 151.7, 154.5, 157.6, 159.2, 158.3, 155.5, 152.3, 148.3, 149.9, 152.3, 155.4, 158.6, 161.3, 163.3, 161.5, 159.1, 156.2, 153.2, 150.4, 153.9, 155.3, 156.5, 156.9, 156.2, 154.8, 153.6, 153.2, 68.4, 65.7, 64.5, 65.4, 68.0, 70.9, 71.9, 70.9, 70.2, 68.6, 67.4, 66.7, 67.0, 68.1, 69.7, 70.5, 70.8, 71.0, 71.1, 70.9, 69.5, 69.9, 69.4, 68.2, 67.1, 66.7, 67.3, 68.4, 65.6, 62.5, 61.0, 61.9, 64.7, 67.7, 69.2, 68.6, 67.8, 65.9, 64.4, 63.5, 63.7, 64.6, 65.9, 66.9, 67.5, 67.9, 68.1, 68.3, 66.7, 67.1, 66.4, 65.1, 63.9, 63.5, 64.2, 65.5, -12.1, -10.4, -6.3, -2.2, -0.5, -1.9, -6.3, -10.4, -16.8, -14.8, -11.6, -7.4, -2.8, 0.9, 3.7, 0.7, -3.4, -7.7, -11.5, -14.7, -7.9, -6.1, -4.3, -3.6, -4.3, -6.1, -7.9, -8.6, 37.0, 38.4, 42.5, 46.9, 49.0, 47.6, 43.5, 38.9, 33.5, 35.6, 38.9, 43.3, 48.0, 52.2, 55.5, 52.5, 48.6, 44.3, 40.0, 36.2, 41.4, 43.3, 45.1, 45.7, 44.8, 42.8, 41.0, 40.4, -90.8, -95.3, -97.1, -95.3, -90.8, -86.1, -84.6, -86.4, -89.2, -91.1, -92.3, -92.9, -92.2, -90.5, -88.2, -86.7, -86.1, -85.8, -86.2, -87.2, -88.8, -88.0, -88.8, -90.8, -92.7, -93.5, -92.7, -90.8, -84.9, -89.6, -92.0, -90.6, -86.4, -81.7, -79.4, -80.3, -82.1, -84.5, -86.4, -87.5, -87.5, -86.9, -85.6, -83.4, -81.9, -81.1, -80.8, -80.9, -83.4, -82.9, -83.9, -85.9, -87.8, -88.4, -87.4, -85.3, 365.7, 366.4, 365.8, 364.4, 362.9, 362.3, 362.7, 364.2, 370.8, 367.9, 365.0, 362.9, 362.3, 362.6, 363.3, 362.2, 361.5, 362.1, 364.2, 367.4, 365.0, 364.4, 364.1, 364.4, 365.1, 365.7, 366.0, 365.7, 325.7, 326.9, 327.5, 327.2, 326.2, 325.0, 324.4, 324.8, 327.0, 325.7, 324.6, 324.3, 325.6, 327.8, 330.3, 327.3, 324.8, 323.5, 323.7, 325.2, 326.2, 326.1, 326.3, 326.9, 327.3, 327.4, 327.2, 326.6, 24.1, -63.0, 397.3, 0.221, 0.378, -0.078, 109.3, 108.8, 109.3, 111.1, 114.4, 119.4, 125.5, 132.1, 141.3, 152.1, 163.1, 173.3, 181.4, 186.0, 187.5, 188.2, 188.5, 108.2, 111.1, 115.9, 121.5, 126.9, 140.7, 148.7, 157.1, 165.3, 171.9, 134.0, 133.1, 132.0, 131.0, 126.0, 130.0, 134.2, 139.0, 143.7, 114.5, 118.0, 122.8, 127.5, 122.8, 118.0, 148.0, 152.9, 158.3, 163.5, 158.7, 153.4, 122.6, 125.5, 130.5, 134.9, 140.4, 149.8, 160.0, 151.6, 142.6, 136.6, 131.8, 126.5, 124.9, 131.0, 135.5, 141.0, 157.3, 142.1, 136.3, 131.7, 73.6, 82.7, 91.7, 100.7, 109.6, 117.9, 125.2, 131.6, 133.5, 131.5, 126.3, 119.6, 111.1, 100.5, 89.0, 77.6, 66.3, 62.3, 57.3, 55.5, 55.6, 57.6, 55.9, 52.4, 51.3, 52.9, 57.3, 66.4, 72.2, 77.9, 84.0, 90.4, 91.6, 92.5, 90.9, 89.6, 70.2, 67.3, 67.0, 69.8, 70.7, 71.1, 67.9, 64.2, 63.8, 65.8, 67.5, 68.1, 103.6, 100.0, 98.2, 98.9, 97.5, 98.3, 100.8, 109.1, 113.2, 114.2, 114.0, 111.1, 103.9, 101.9, 102.1, 101.2, 101.4, 108.1, 109.0, 108.7, -31.5, -32.3, -31.4, -27.9, -21.1, -11.0, 1.0, 12.9, 28.6, 47.4, 67.7, 87.0, 101.9, 110.3, 112.6, 114.4, 115.6, -31.7, -25.7, -16.3, -6.2, 3.2, 26.0, 39.0, 53.0, 66.8, 78.0, 15.1, 13.3, 11.3, 9.4, 1.8, 8.3, 15.0, 22.9, 30.4, -19.4, -12.8, -3.9, 4.5, -4.0, -12.6, 38.9, 46.8, 55.6, 64.1, 56.0, 47.4, -4.4, 0.8, 9.1, 16.2, 25.0, 40.7, 59.0, 44.0, 28.7, 19.2, 11.3, 2.7, -0.2, 10.0, 17.2, 26.1, 54.6, 28.0, 18.7, 11.3, -103.4, -84.7, -66.5, -48.6, -30.8, -14.0, 0.4, 12.0, 14.9, 11.4, 2.2, -9.8, -25.2, -44.3, -65.0, -85.8, -106.9, -118.8, -125.1, -125.0, -121.3, -115.3, -114.3, -119.8, -121.8, -119.4, -112.5, -98.1, -86.9, -75.9, -64.9, -58.2, -55.3, -53.1, -55.7, -57.8, -101.3, -104.8, -104.0, -97.9, -97.1, -97.5, -96.5, -102.1, -102.1, -98.5, -95.5, -95.1, -38.9, -43.1, -44.4, -42.7, -44.6, -43.7, -40.9, -26.3, -19.3, -17.8, -18.3, -24.2, -38.1, -38.5, -37.7, -38.8, -39.9, -27.7, -26.5, -27.4, 458.2, 455.5, 454.6, 455.5, 454.9, 448.2, 434.5, 414.1, 401.3, 399.3, 405.1, 410.4, 411.9, 411.8, 410.7, 412.4, 414.8, 431.5, 421.4, 409.9, 398.2, 389.4, 377.0, 376.0, 376.7, 377.5, 378.9, 381.4, 374.7, 367.7, 361.0, 383.6, 377.6, 372.4, 371.6, 371.3, 421.2, 413.5, 408.6, 403.8, 407.5, 412.5, 385.2, 382.6, 380.3, 379.5, 378.4, 380.8, 414.1, 391.9, 377.9, 372.9, 369.6, 373.6, 384.7, 376.9, 371.6, 375.2, 380.4, 395.5, 410.6, 380.1, 374.8, 371.3, 384.7, 373.7, 377.2, 382.9, 0.575, 0.082, 0.366, -0.073, 139.301, 88.385, -2.212, -26.837, 22.839, -10.084, -8.087, -11.660, -12.050, 3.932, -3.233, 2.883, -2.660, 0.150, -0.580, -1.440, -2.056, 0.088, -0.753, -0.375, -0.461, -0.958, -0.070, 0.923, -1.180, -0.584, 0.402, -0.506, 0.454, -0.026, 0.045, -0.050, 0.147, -0.017, 0.004, 0.038, 1.96, 0.00, 0.00, 0.03, 0.55, 0.00, 0.00, 0.91, 0.89, 2.01, 0.23, 0.00, 0.00, 0.00, 1.95, 0.00, 0.10, 1.0, 1.0, 0.0, 0.0, 0.0, 0.0, 0.0, 1.0, 1.0, 1.0, 1.0, 0.0, 1.0, 0.0, 1.0, 0.0, 0.0, 0.0
4, 0, 0.610, 0.98, 1, -0.145244, 0.265242, -0.953180, -0.338955, 0.279615, -0.898290, -0.256, 0.286, 111.6, 112.6, 115.2, 117.6, 118.7, 117.8, 115.1, 112.6, 108.8, 110.0, 111.8, 114.4, 117.2, 119.6, 121.3, 119.4, 116.8, 114.2, 111.9, 110.0, 114.1, 115.2, 116.3, 116.8, 116.3, 115.3, 114.2, 113.7, 145.2, 146.2, 148.9, 151.9, 153.4, 152.5, 149.7, 146.5, 142.8, 144.3, 146.6, 149.7, 152.8, 155.5, 157.5, 155.7, 153.2, 150.3, 147.4, 144.7, 148.2, 149.5, 150.7, 151.1, 150.5, 149.2, 148.0, 147.6, 72.8, 70.2, 69.0, 69.9, 72.4, 75.3, 76.3, 75.3, 74.5, 73.0, 71.9, 71.2, 71.5, 72.6, 74.1, 74.9, 75.2, 75.4, 75.4, 75.2, 73.9, 74.4, 73.8, 72.7, 71.6, 71.2, 71.7, 72.8, 70.4, 67.4, 65.9, 66.8, 69.6, 72.5, 74.0, 73.4, 72.5, 70.7, 69.3, 68.5, 68.7, 69.5, 70.8, 71.8, 72.3, 72.6, 72.8, 73.0, 71.5, 71.9, 71.3, 70.0, 68.8, 68.4, 69.0, 70.3, -21.9, -20.2, -16.1, -12.0, -10.3, -11.6, -16.1, -20.2, -26.8, -24.7, -21.4, -17.2, -12.6, -8.8, -6.0, -9.1, -13.2, -17.4, -21.3, -24.5, -17.7, -15.9, -14.1, -13.3, -14.1, -15.9, -17.7, -18.4, 29.7, 31.1, 35.2, 39.6, 41.6, 40.1, 36.0, 31.5, 26.2, 28.3, 31.6, 36.0, 40.7, 44.9, 48.2, 45.1, 41.1, 36.8, 32.6, 28.9, 34.0, 35.9, 37.7, 38.4, 37.5, 35.6, 33.8, 33.1, -85.2, -89.6, -91.4, -89.5, -85.1, -80.4, -78.9, -80.7, -83.6, -85.4, -86.5, -87.1, -86.4, -84.8, -82.5, -81.0, -80.4, -80.2, -80.6, -81.6, -83.2, -82.3, -83.1, -85.1, -87.0, -87.8, -87.0, -85.1, -80.1, -84.7, -87.0, -85.5, -81.2, -76.6, -74.4, -75.5, -77.4, -79.6, -81.4, -82.4, -82.3, -81.6, -80.3, -78.2, -76.9, -76.1, -76.0, -76.2, -78.5, -77.8, -78.8, -80.9, -82.7, -83.4, -82.4, -80.3, 371.8, 372.3, 371.7, 370.2, 368.8, 368.4, 368.9, 370.3, 376.9, 374.0, 371.0, 368.9, 368.2, 368.6, 369.3, 368.2, 367.6, 368.3, 370.4, 373.6, 371.1, 370.4, 370.2, 370.4, 371.0, 371.7, 372.0, 371.7, 334.0, 335.2, 335.6, 335.1, 333.9, 332.8, 332.3, 333.1, 335.5, 334.1, 332.8, 332.3, 333.3, 335.3, 337.7, 334.8, 332.5, 331.4, 331.8, 333.6, 334.3, 334.1, 334.2, 334.7, 335.3, 335.5, 335.3, 334.8, 14.3, -53.8, 386.8, 0.224, 0.383, -0.094, 103.8, 103.5, 104.1, 105.8, 109.4, 114.5, 120.7, 127.4, 137.6, 149.6, 161.6, 172.0, 179.4, 182.9, 183.4, 183.6, 183.6, 102.5, 105.3, 110.1, 115.6, 121.2, 134.9, 142.9, 151.4, 159.5, 165.8, 128.3, 127.2, 126.0, 124.8, 120.3, 124.4, 128.4, 133.1, 137.7, 108.7, 112.0, 116.8, 121.5, 116.8, 112.1, 142.4, 147.2, 152.5, 157.8, 152.8, 147.6, 117.1, 119.4, 124.2, 128.7, 134.2, 143.8, 154.1, 145.7, 136.7, 130.7, 125.8, 120.8, 119.3, 125.0, 129.4, 135.1, 151.3, 136.2, 130.4, 125.8, 76.9, 86.3, 95.7, 105.2, 114.3, 122.9, 130.3, 136.8, 138.5, 135.8, 129.6, 122.3, 113.4, 102.8, 91.7, 80.9, 70.2, 66.5, 61.7, 59.8, 60.1, 62.3, 60.8, 57.4, 56.4, 58.0, 62.4, 71.2, 76.9, 82.6, 88.5, 95.2, 96.3, 97.2, 95.6, 94.3, 74.5, 71.8, 71.5, 74.2, 75.1, 75.4, 72.6, 69.1, 68.8, 70.7, 72.3, 72.8, 108.5, 104.6, 102.8, 103.5, 102.0, 102.9, 105.6, 113.8, 118.0, 119.1, 118.9, 116.0, 108.6, 106.8, 106.9, 106.0, 106.1, 112.7, 113.7, 113.5, -42.3, -42.7, -41.6, -38.2, -31.0, -20.5, -8.1, 4.3, 21.7, 42.2, 63.7, 82.6, 95.9, 101.8, 102.1, 102.8, 103.4, -41.7, -35.6, -26.1, -16.0, -6.4, 16.0, 28.8, 42.5, 55.5, 65.9, 5.4, 3.5, 1.5, -0.3, -7.7, -1.0, 5.5, 12.9, 20.1, -29.4, -22.9, -14.4, -6.1, -14.3, -22.7, 28.8, 36.2, 44.7, 53.1, 45.0, 36.8, -14.0, -9.5, -1.3, 5.9, 14.6, 29.9, 47.9, 33.4, 18.6, 9.2, 1.4, -7.2, -9.9, -0.1, 7.1, 16.0, 43.2, 17.9, 8.7, 1.4, -96.1, -77.0, -58.3, -39.5, -21.2, -4.1, 9.9, 21.0, 23.3, 18.6, 8.0, -4.8, -20.5, -39.1, -58.2, -77.3, -96.6, -108.2, -114.3, -114.5, -110.7, -104.5, -103.4, -108.5, -110.4, -107.8, -101.1, -87.7, -77.1, -66.8, -56.4, -49.0, -46.4, -44.4, -46.8, -48.8, -91.0, -94.1, -93.5, -87.8, -87.0, -87.5, -86.5, -91.3, -91.2, -87.9, -85.3, -85.0, -29.3, -34.2, -35.8, -34.2, -36.2, -35.2, -31.9, -18.0, -11.2, -9.5, -9.9, -15.2, -28.8, -29.6, -29.0, -30.2, -31.1, -19.6, -18.2, -18.8, 455.1, 453.5, 453.3, 453.7, 452.3, 444.0, 427.6, 405.5, 392.5, 390.5, 396.3, 400.6, 401.8, 400.8, 398.6, 399.6, 401.8, 421.3, 411.1, 400.0, 388.4, 379.6, 367.2, 366.0, 366.3, 366.6, 367.8, 371.7, 365.3, 358.6, 352.1, 374.7, 369.2, 364.0, 362.7, 362.0, 410.6, 402.9, 398.1, 394.0, 397.4, 402.2, 375.9, 372.3, 370.0, 369.3, 368.6, 371.1, 403.6, 381.3, 367.7, 362.9, 359.7, 363.3, 374.3, 366.9, 362.1, 365.5, 370.6, 385.1, 400.4, 370.1, 365.0, 361.7, 374.2, 363.9, 367.3, 372.8, 0.589, 0.108, 0.398, -0.094, 133.887, 92.878, 8.998, -13.990, 18.933, -17.114, -14.741, -16.345, -9.715, 3.216, -3.552, 4.150, -1.915, -1.572, 0.399, -2.491, -1.597, 0.221, -0.488, 0.425, -0.191, -1.331, 0.564, 1.935, -1.384, -0.666, 0.381, -0.421, 0.457, 0.012, 0.079, -0.093, 0.183, -0.007, -0.048, 0.012, 2.11, 0.00, 0.47, 0.00, 0.52, 0.00, 0.00, 1.16, 0.95, 2.49, 0.77, 0.00, 0.00, 0.65, 1.91, 0.67, 0.48, 1.0, 0.0, 0.0, 0.0, 0.0, 0.0, 0.0, 1.0, 0.0, 1.0, 1.0, 0.0, 1.0, 1.0, 1.0, 0.0, 0.0, 0.0
5, 0, 0.814, 0.98, 1, -0.148638, 0.245381, -0.957964, -0.339933, 0.259986, -0.903799, -0.257, 0.265, 108.8, 109.8, 112.4, 114.8, 115.8, 114.9, 112.2, 109.7, 106.0, 107.2, 109.0, 111.6, 114.4, 116.7, 118.4, 116.5, 114.0, 111.4, 109.1, 107.2, 111.3, 112.4, 113.5, 114.0, 113.5, 112.4, 111.3, 110.9, 142.1, 143.0, 145.8, 148.8, 150.2, 149.3, 146.6, 143.4, 139.6, 141.2, 143.5, 146.5, 149.7, 152.4, 154.4, 152.5, 150.0, 147.2, 144.2, 141.6, 145.0, 146.4, 147.6, 148.0, 147.3, 146.0, 144.8, 144.4, 70.0, 67.4, 66.2, 67.1, 69.6, 72.4, 73.4, 72.5, 71.7, 70.2, 69.0, 68.3, 68.7, 69.7, 71.2, 72.0, 72.2, 72.5, 72.5, 72.4, 71.1, 71.5, 71.0, 69.8, 68.7, 68.3, 68.9, 70.0, 67.5, 64.6, 63.1, 64.0, 66.7, 69.6, 71.1, 70.5, 69.6, 67.8, 66.4, 65.6, 65.9, 66.7, 68.1, 68.9, 69.4, 69.7, 69.9, 70.1, 68.7, 69.0, 68.4, 67.1, 65.9, 65.6, 66.2, 67.5, -26.6, -24.9, -20.7, -16.6, -14.9, -16.3, -20.8, -24.9, -31.5, -29.4, -26.1, -21.8, -17.2, -13.5, -10.7, -13.7, -17.9, -22.1, -26.0, -29.2, -22.4, -20.6, -18.8, -18.0, -18.7, -20.5, -22.4, -23.1, 25.1, 26.6, 30.7, 35.0, 37.1, 35.6, 31.5, 26.9, 21.6, 23.8, 27.1, 31.5, 36.2, 40.3, 43.6, 40.5, 36.6, 32.3, 28.0, 24.3, 29.5, 31.4, 33.2, 33.8, 32.9, 31.0, 29.2, 28.6, -90.1, -94.5, -96.3, -94.4, -90.0, -85.3, -83.8, -85.6, -88.4, -90.3, -91.5, -92.0, -91.3, -89.7, -87.4, -85.9, -85.4, -85.2, -85.5, -86.5, -88.0, -87.2, -88.0, -90.0, -91.9, -92.7, -91.9, -90.0, -84.4, -89.1, -91.4, -89.9, -85.6, -81.0, -78.7, -79.8, -81.7, -84.0, -85.8, -86.8, -86.7, -86.0, -84.5, -82.5, -81.3, -80.5, -80.4, -80.5, -82.8, -82.2, -83.2, -85.2, -87.1, -87.7, -86.7, -84.7, 373.0, 373.7, 373.1, 371.6, 370.0, 369.4, 369.8, 371.4, 378.1, 375.3, 372.3, 370.2, 369.4, 369.7, 370.3, 369.2, 368.6, 369.3, 371.5, 374.7, 372.2, 371.5, 371.3, 371.6, 372.3, 373.0, 373.2, 372.9, 334.7, 336.0, 336.5, 335.9, 334.6, 333.3, 332.8, 333.6, 336.1, 334.8, 333.6, 333.1, 334.0, 336.0, 338.3, 335.4, 333.0, 331.9, 332.4, 334.1, 334.9, 334.7, 334.9, 335.4, 336.0, 336.3, 336.0, 335.5, 8.5, -57.9, 385.3, 0.189, 0.385, -0.066, 101.4, 100.8, 101.2, 102.8, 106.0, 110.7, 116.5, 122.8, 132.6, 144.6, 157.0, 167.9, 176.0, 180.0, 180.8, 181.1, 181.3, 99.7, 102.5, 107.4, 112.7, 118.0, 131.7, 139.7, 148.3, 156.5, 163.0, 125.0, 123.8, 122.4, 121.1, 116.8, 120.7, 124.6, 129.4, 134.0, 105.9, 109.2, 113.9, 118.6, 113.9, 109.3, 139.3, 144.0, 149.4, 154.6, 149.7, 144.5, 113.6, 115.8, 120.7, 125.1, 130.7, 140.4, 151.0, 142.2, 132.9, 126.8, 122.0, 117.0, 115.9, 121.3, 125.7, 131.4, 148.2, 132.5, 126.7, 122.1, 74.8, 84.2, 93.5, 103.0, 112.2, 120.7, 128.0, 134.5, 136.4, 134.4, 129.1, 122.5, 113.9, 103.3, 91.8, 80.5, 69.4, 63.9, 58.9, 57.1, 57.4, 59.6, 58.1, 54.6, 53.6, 55.3, 59.7, 68.2, 73.8, 79.4, 85.4, 92.1, 93.3, 94.1, 92.5, 91.2, 71.7, 68.9, 68.7, 71.3, 72.2, 72.5, 69.8, 66.2, 66.0, 68.0, 69.4, 69.9, 105.5, 101.4, 99.7, 100.3, 98.9, 99.9, 102.7, 110.9, 114.9, 116.0, 115.9, 113.0, 105.6, 103.4, 103.5, 102.6, 103.2, 109.9, 110.9, 110.6, -47.1, -47.9, -47.1, -44.0, -37.4, -27.6, -15.8, -3.9, 13.0, 33.1, 55.1, 74.7, 89.2, 96.2, 97.0, 98.0, 98.8, -46.9, -40.7, -31.1, -20.9, -11.6, 10.8, 23.6, 37.4, 50.6, 61.2, -0.0, -2.0, -4.0, -6.0, -13.5, -7.0, -0.6, 7.0, 14.2, -34.5, -27.9, -19.4, -11.0, -19.4, -27.8, 23.5, 31.1, 39.5, 47.8, 39.8, 31.6, -20.1, -15.3, -7.0, 0.2, 9.0, 24.4, 42.4, 27.4, 12.4, 2.9, -4.9, -13.4, -16.0, -6.0, 1.1, 10.1, 37.8, 11.9, 2.7, -4.7, -100.1, -81.0, -62.3, -43.6, -25.3, -8.3, 5.5, 16.6, 19.4, 15.9, 7.1, -4.4, -19.4, -37.9, -57.8, -77.7, -97.7, -113.4, -119.6, -119.5, -115.6, -109.2, -107.8, -113.0, -114.6, -111.9, -105.1, -92.6, -81.9, -71.5, -61.0, -54.0, -51.2, -49.0, -51.4, -53.3, -96.1, -99.3, -98.6, -92.9, -92.2, -92.7, -91.0, -95.9, -95.7, -92.2, -89.7, -89.5, -34.5, -39.3, -40.7, -39.1, -41.0, -39.8, -36.3, -22.5, -15.8, -14.3, -14.8, -20.2, -33.9, -34.9, -34.2, -35.3, -35.5, -23.9, -22.7, -23.4, 454.6, 452.1, 451.1, 451.2, 449.3, 440.5, 423.6, 400.7, 387.4, 385.2, 391.7, 396.9, 398.6, 398.3, 396.6, 397.8, 400.2, 422.7, 412.5, 401.3, 389.4, 380.1, 367.0, 365.6, 365.8, 365.8, 366.8, 371.5, 364.8, 357.8, 351.0, 373.5, 367.4, 361.9, 360.6, 359.9, 411.3, 403.8, 398.9, 394.4, 397.9, 402.7, 375.2, 371.9, 369.4, 368.2, 367.7, 370.4, 402.5, 380.1, 366.3, 361.2, 357.8, 361.1, 371.5, 363.7, 358.8, 362.6, 367.9, 383.0, 399.1, 368.3, 362.9, 359.4, 371.5, 361.3, 364.9, 370.8, 0.591, 0.062, 0.414, -0.067, 130.518, 90.349, 8.298, -19.102, 21.699, -17.328, -14.716, -12.612, -8.205, 7.186, -1.959, 3.092, -2.859, -2.245, -0.541, -2.149, -1.234, 0.250, -0.170, -0.236, -1.576, -0.759, 0.660, 2.041, -1.081, -0.068, 0.544, -0.472, 0.365, -0.001, 0.105, -0.046, 0.147, 0.016, -0.030, 0.010, 1.88, 0.00, 0.08, 0.00, 0.57, 0.00, 0.00, 1.89, 0.77, 2.35, 0.63, 0.00, 0.00, 0.00, 1.84, 1.51, 0.50, 1.0, 0.0, 0.0, 0.0, 0.0, 0.0, 0.0, 1.0, 0.0, 1.0, 1.0, 0.0, 1.0, 0.0, 1.0, 0.0, 0.0, 0.0
6, 0, 1.017, 0.98, 1, -0.129717, 0.254639, -0.958297, -0.319573, 0.276593, -0.906294, -0.236, 0.278, 105.6, 106.6, 109.1, 111.7, 112.7, 111.9, 109.2, 106.7, 102.9, 104.0, 105.8, 108.4, 111.3, 113.7, 115.5, 113.5, 110.9, 108.3, 106.0, 104.1, 108.2, 109.3, 110.4, 110.9, 110.4, 109.3, 108.2, 107.7, 139.2, 140.0, 142.7, 145.8, 147.4, 146.5, 143.8, 140.6, 136.7, 138.2, 140.5, 143.6, 146.8, 149.5, 151.5, 149.7, 147.2, 144.4, 141.4, 138.7, 142.2, 143.5, 144.7, 145.1, 144.4, 143.0, 141.8, 141.5, 73.5, 70.8, 69.5, 70.4, 72.9, 75.8, 76.9, 76.0, 75.3, 73.7, 72.5, 71.8, 72.0, 73.1, 74.6, 75.4, 75.7, 76.0, 76.1, 76.0, 74.6, 75.0, 74.4, 73.2, 72.1, 71.7, 72.3, 73.5, 70.2, 67.2, 65.6, 66.5, 69.2, 72.2, 73.7, 73.2, 72.4, 70.5, 69.0, 68.1, 68.3, 69.0, 70.4, 71.4, 72.0, 72.4, 72.7, 72.9, 71.3, 71.6, 71.0, 69.6, 68.5, 68.1, 68.8, 70.1, -31.2, -29.6, -25.5, -21.3, -19.5, -20.8, -25.2, -29.4, -36.0, -34.0, -30.7, -26.5, -21.8, -18.1, -15.2, -18.2, -22.3, -26.6, -30.5, -33.7, -26.9, -25.1, -23.3, -22.6, -23.4, -25.2, -27.0, -27.7, 20.5, 21.8, 25.8, 30.2, 32.4, 31.1, 27.1, 22.5, 17.1, 19.2, 22.4, 26.8, 31.5, 35.7, 38.9, 36.0, 32.1, 27.9, 23.6, 19.9, 24.9, 26.8, 28.6, 29.2, 28.2, 26.3, 24.5, 24.0, -82.8, -87.2, -89.1, -87.3, -82.9, -78.2, -76.6, -78.4, -81.0, -83.0, -84.2, -84.9, -84.2, -82.7, -80.4, -78.9, -78.2, -77.9, -78.2, -79.2, -80.9, -80.1, -80.9, -82.8, -84.8, -85.6, -84.7, -82.8, -79.4, -84.1, -86.5, -85.2, -81.0, -76.3, -74.0, -74.9, -76.6, -79.0, -80.9, -82.1, -82.1, -81.5, -80.2, -78.0, -76.6, -75.7, -75.4, -75.5, -78.0, -77.4, -78.4, -80.5, -82.3, -82.9, -81.9, -79.8, 366.1, 366.7, 366.0, 364.5, 363.0, 362.5, 363.1, 364.6, 371.3, 368.4, 365.4, 363.2, 362.5, 362.7, 363.4, 362.3, 361.7, 362.5, 364.7, 367.9, 365.3, 364.7, 364.4, 364.6, 365.3, 366.0, 366.3, 366.0, 330.4, 331.6, 332.1, 331.7, 330.5, 329.3, 328.8, 329.4, 331.8, 330.5, 329.3, 328.9, 329.9, 332.0, 334.3, 331.4, 329.0, 327.9, 328.3, 329.9, 330.7, 330.5, 330.7, 331.3, 331.8, 332.0, 331.8, 331.2, 4.6, -52.1, 385.2, 0.220, 0.366, -0.098, 98.1, 97.9, 98.7, 100.7, 104.2, 109.2, 115.1, 121.5, 131.0, 142.6, 154.6, 165.4, 173.4, 177.5, 178.1, 178.3, 178.1, 96.2, 98.9, 103.7, 109.1, 114.4, 128.7, 136.5, 144.9, 153.1, 159.9, 122.0, 121.0, 120.0, 119.0, 114.6, 118.5, 122.6, 127.5, 132.1, 102.7, 106.0, 110.8, 115.7, 110.9, 106.2, 136.4, 141.0, 146.4, 151.7, 146.9, 141.6, 111.8, 114.1, 118.9, 123.4, 129.1, 138.8, 149.3, 140.8, 131.6, 125.5, 120.6, 115.5, 114.0, 119.6, 124.1, 129.8, 146.6, 131.0, 125.2, 120.5, 78.1, 87.6, 96.9, 106.2, 115.3, 123.8, 131.3, 138.1, 140.1, 137.9, 132.2, 125.0, 116.0, 105.0, 93.2, 81.5, 70.0, 67.3, 62.5, 60.8, 61.0, 62.9, 61.1, 57.4, 56.1, 57.4, 61.5, 71.6, 77.6, 83.6, 90.0, 96.3, 97.5, 98.4, 96.6, 95.1, 75.3, 72.4, 72.0, 74.7, 75.7, 76.1, 72.6, 68.8, 68.4, 70.3, 72.0, 72.7, 109.5, 105.8, 104.1, 104.7, 103.2, 103.8, 106.1, 114.7, 119.1, 120.2, 120.1, 117.1, 109.7, 107.9, 108.0, 106.9, 106.7, 113.9, 114.9, 114.7, -53.1, -53.2, -51.6, -47.8, -40.8, -30.6, -18.5, -6.3, 10.3, 29.9, 51.2, 70.6, 84.9, 91.8, 92.5, 92.9, 93.0, -53.1, -47.0, -37.4, -27.1, -17.6, 5.9, 18.4, 31.8, 44.9, 55.8, -4.9, -6.3, -7.9, -9.3, -17.0, -10.4, -3.8, 3.9, 11.2, -40.1, -33.5, -24.7, -16.1, -24.6, -33.1, 18.7, 26.1, 34.6, 43.0, 35.2, 26.9, -23.5, -18.3, -9.8, -2.5, 6.4, 21.9, 39.8, 25.4, 10.5, 0.8, -7.1, -16.0, -19.3, -8.7, -1.4, 7.6, 35.4, 9.6, 0.3, -7.3, -92.5, -73.6, -55.2, -37.1, -19.2, -2.4, 11.7, 23.2, 25.8, 22.0, 12.5, 0.0, -15.9, -35.1, -55.4, -75.8, -96.4, -106.6, -112.6, -112.5, -108.9, -103.1, -102.5, -108.0, -110.1, -108.0, -101.7, -86.9, -75.7, -64.9, -54.0, -47.1, -44.3, -42.3, -45.0, -47.2, -89.5, -93.0, -92.4, -86.8, -85.8, -86.1, -86.0, -91.3, -91.4, -88.1, -85.2, -84.7, -27.5, -32.2, -33.7, -32.2, -34.3, -33.7, -31.0, -16.6, -9.4, -7.6, -7.9, -13.4, -26.9, -27.8, -27.2, -28.6, -30.0, -17.7, -16.3, -16.9, 449.9, 447.8, 447.4, 448.5, 447.7, 440.4, 425.6, 403.9, 390.4, 387.7, 393.6, 398.7, 399.9, 399.0, 396.8, 397.4, 399.1, 420.9, 410.5, 399.3, 387.7, 378.6, 365.5, 363.9, 363.8, 363.8, 364.6, 370.4, 364.0, 357.4, 351.1, 373.9, 367.6, 362.2, 360.9, 360.2, 410.3, 402.6, 397.6, 393.1, 396.7, 401.7, 373.7, 370.4, 367.7, 366.6, 366.1, 368.9, 403.9, 381.6, 367.6, 362.4, 358.7, 362.2, 372.4, 365.2, 360.5, 364.6, 370.1, 385.2, 400.3, 369.9, 364.2, 360.5, 372.5, 362.6, 366.5, 372.5, 0.591, 0.109, 0.400, -0.101, 128.145, 93.742, 0.438, -24.438, 21.094, -13.725, -12.899, -10.549, -10.559, 5.865, -1.886, 2.862, -2.670, -0.409, -0.206, -1.220, -1.205, -0.012, 0.334, -0.769, -1.237, -1.415, 0.400, 1.512, -0.790, -0.186, 0.534, -0.597, 0.429, -0.034, 0.084, -0.061, 0.163, -0.025, -0.022, 0.010, 1.94, 0.00, 0.44, 0.11, 0.52, 0.00, 0.00, 1.26, 1.13, 2.03, 0.51, 0.00, 0.00, 0.42, 1.95, 0.90, 0.44, 1.0, 0.0, 0.0, 0.0, 0.0, 0.0, 0.0, 1.0, 0.0, 1.0, 1.0, 0.0, 1.0, 0.0, 1.0, 0.0, 0.0, 0.0
7, 0, 1.220, 0.98, 1, -0.114646, 0.254275, -0.960313, -0.305532, 0.277575, -0.910825, -0.221, 0.277, 105.2, 106.2, 108.8, 111.4, 112.4, 111.6, 108.9, 106.3, 102.4, 103.5, 105.4, 108.0, 111.0, 113.4, 115.2, 113.3, 110.6, 108.0, 105.6, 103.7, 107.8, 109.0, 110.1, 110.5, 110.1, 108.9, 107.8, 107.4, 139.3, 140.1, 142.8, 145.9, 147.5, 146.7, 144.0, 140.7, 136.8, 138.3, 140.7, 143.8, 146.9, 149.7, 151.7, 149.9, 147.5, 144.6, 141.6, 138.8, 142.3, 143.7, 144.9, 145.2, 144.5, 143.2, 142.0, 141.6, 76.0, 73.2, 71.9, 72.9, 75.4, 78.4, 79.4, 78.5, 77.8, 76.2, 75.0, 74.2, 74.5, 75.6, 77.1, 77.9, 78.2, 78.6, 78.7, 78.5, 77.1, 77.5, 76.9, 75.7, 74.6, 74.2, 74.8, 75.9, 72.7, 69.7, 68.1, 68.9, 71.7, 74.7, 76.3, 75.7, 75.0, 73.1, 71.5, 70.6, 70.8, 71.5, 72.8, 73.9, 74.5, 74.9, 75.2, 75.4, 73.8, 74.2, 73.5, 72.1, 70.9, 70.6, 71.3, 72.6, -31.5, -29.9, -25.8, -21.6, -19.8, -21.0, -25.4, -29.6, -36.4, -34.3, -31.0, -26.7, -22.1, -18.3, -15.5, -18.5, -22.5, -26.8, -30.7, -34.0, -27.2, -25.4, -23.6, -22.9, -23.7, -25.5, -27.3, -28.0, 20.5, 21.8, 25.8, 30.2, 32.4, 31.2, 27.2, 22.5, 17.0, 19.2, 22.5, 26.8, 31.5, 35.6, 38.9, 36.0, 32.2, 27.9, 23.7, 19.9, 24.9, 26.9, 28.6, 29.2, 28.2, 26.3, 24.5, 23.9, -77.9, -82.3, -84.2, -82.5, -78.1, -73.4, -71.8, -73.5, -76.1, -78.0, -79.3, -80.0, -79.4, -77.8, -75.6, -74.0, -73.4, -73.0, -73.3, -74.3, -76.0, -75.2, -76.0, -78.0, -79.9, -80.7, -79.8, -77.9, -75.2, -79.8, -82.2, -81.0, -76.8, -72.1, -69.7, -70.6, -72.3, -74.7, -76.7, -77.9, -77.9, -77.3, -76.0, -73.8, -72.4, -71.5, -71.2, -71.2, -73.7, -73.2, -74.2, -76.2, -78.1, -78.6, -77.6, -75.5, 361.9, 362.5, 361.8, 360.4, 358.9, 358.4, 359.0, 360.4, 367.0, 364.1, 361.1, 359.0, 358.3, 358.7, 359.4, 358.3, 357.6, 358.3, 360.5, 363.6, 361.2, 360.5, 360.3, 360.5, 361.2, 361.8, 362.1, 361.8, 327.7, 328.9, 329.4, 329.1, 327.9, 326.7, 326.2, 326.7, 329.0, 327.7, 326.6, 326.2, 327.3, 329.5, 331.9, 328.9, 326.5, 325.3, 325.6, 327.1, 328.1, 327.9, 328.1, 328.7, 329.2, 329.3, 329.1, 328.5, 4.6, -47.4, 384.8, 0.230, 0.347, -0.103, 97.4, 97.3, 98.1, 100.2, 103.9, 108.9, 115.0, 121.6, 131.2, 142.6, 154.3, 164.8, 172.8, 176.9, 177.6, 177.7, 177.5, 95.7, 98.4, 103.3, 108.7, 114.2, 128.9, 136.7, 145.0, 153.1, 159.8, 121.9, 121.1, 120.1, 119.2, 114.6, 118.6, 122.8, 127.7, 132.4, 102.2, 105.6, 110.5, 115.4, 110.6, 105.8, 136.5, 141.2, 146.6, 151.9, 147.1, 141.8, 111.6, 114.3, 119.3, 123.9, 129.7, 139.4, 149.9, 141.6, 132.4, 126.2, 121.1, 115.7, 114.0, 120.0, 124.6, 130.4, 147.2, 131.8, 125.8, 121.0, 80.5, 90.0, 99.3, 108.5, 117.7, 126.3, 134.0, 141.1, 143.2, 141.0, 135.1, 127.7, 118.4, 107.3, 95.4, 83.6, 71.9, 69.8, 65.1, 63.5, 63.7, 65.6, 63.8, 60.1, 58.8, 60.0, 64.0, 74.2, 80.4, 86.6, 93.1, 99.1, 100.4, 101.4, 99.5, 97.9, 77.8, 74.9, 74.5, 77.2, 78.2, 78.7, 75.1, 71.3, 70.9, 72.8, 74.5, 75.2, 112.1, 108.7, 107.2, 107.8, 106.2, 106.6, 108.6, 117.7, 122.3, 123.5, 123.4, 120.1, 112.4, 110.8, 110.9, 109.9, 109.3, 117.2, 118.3, 118.0, -54.2, -54.2, -52.5, -48.6, -41.4, -31.0, -18.6, -6.0, 10.6, 30.1, 50.8, 70.0, 84.2, 91.1, 91.8, 92.1, 92.1, -53.9, -47.7, -38.0, -27.6, -17.9, 6.2, 18.6, 31.8, 44.8, 55.6, -5.0, -6.3, -7.7, -9.0, -17.0, -10.4, -3.5, 4.3, 11.7, -40.9, -34.1, -25.2, -16.5, -25.0, -33.7, 18.8, 26.3, 34.9, 43.3, 35.5, 27.2, -23.7, -18.0, -9.2, -1.7, 7.4, 23.0, 40.9, 26.8, 11.8, 1.9, -6.3, -15.7, -19.5, -8.2, -0.7, 8.6, 36.5, 10.8, 1.2, -6.6, -87.3, -68.5, -50.2, -32.3, -14.4, 2.4, 16.8, 28.6, 31.3, 27.4, 17.6, 4.7, -11.6, -31.1, -51.8, -72.4, -93.2, -101.5, -107.5, -107.4, -104.0, -98.4, -98.0, -103.5, -105.7, -103.7, -97.6, -82.4, -71.1, -60.1, -49.1, -42.4, -39.6, -37.5, -40.4, -42.8, -84.8, -88.4, -87.9, -82.3, -81.3, -81.5, -81.7, -87.2, -87.3, -84.0, -81.1, -80.6, -22.9, -27.4, -28.8, -27.3, -29.6, -29.3, -26.9, -11.8, -4.2, -2.3, -2.6, -8.3, -22.2, -23.1, -22.6, -24.0, -25.7, -12.5, -10.9, -11.5, 446.9, 445.1, 445.1, 446.7, 446.5, 440.0, 426.3, 405.7, 392.5, 390.0, 395.7, 400.7, 401.7, 400.4, 397.9, 398.2, 399.7, 419.3, 408.8, 397.7, 386.3, 377.6, 365.1, 363.5, 363.5, 363.5, 364.4, 369.6, 363.2, 356.6, 350.3, 373.5, 367.2, 361.8, 360.7, 360.2, 409.2, 401.6, 396.7, 392.3, 395.9, 400.8, 373.3, 370.1, 367.5, 366.5, 365.9, 368.6, 404.6, 382.2, 368.3, 363.1, 359.5, 363.4, 374.0, 367.0, 362.2, 366.0, 371.4, 386.4, 401.2, 370.5, 365.0, 361.3, 374.1, 364.1, 367.8, 373.8, 0.591, 0.130, 0.379, -0.107, 128.162, 96.468, -4.303, -25.878, 23.416, -11.457, -12.094, -9.752, -11.584, 5.448, -0.966, 2.340, -2.364, 0.354, 0.091, -1.569, -1.854, -0.733, -0.173, -0.831, -1.042, -1.283, 0.524, 1.743, -1.180, -0.398, 0.685, -0.708, 0.395, -0.054, 0.075, -0.058, 0.143, -0.041, -0.005, 0.011, 2.12, 0.00, 0.25, 0.00, 0.86, 0.00, 0.00, 1.60, 1.37, 2.29, 0.37, 0.00, 0.00, 0.76, 2.13, 0.00, 0.26, 1.0, 0.0, 0.0, 0.0, 0.0, 0.0, 0.0, 1.0, 1.0, 1.0, 1.0, 0.0, 1.0, 1.0, 1.0, 0.0, 0.0, 0.0
8, 0, 1.424, 0.98, 1, -0.105816, 0.262237, -0.959184, -0.297262, 0.286003, -0.910954, -0.212, 0.285, 104.9, 106.0, 108.5, 111.1, 112.2, 111.4, 108.6, 106.0, 102.1, 103.3, 105.2, 107.8, 110.7, 113.1, 115.0, 113.0, 110.4, 107.7, 105.3, 103.4, 107.6, 108.7, 109.8, 110.3, 109.8, 108.7, 107.6, 107.1, 139.2, 140.0, 142.7, 145.8, 147.4, 146.6, 143.9, 140.6, 136.7, 138.2, 140.6, 143.6, 146.8, 149.5, 151.6, 149.8, 147.4, 144.5, 141.5, 138.8, 142.2, 143.6, 144.8, 145.1, 144.4, 143.0, 141.8, 141.5, 79.1, 76.4, 75.1, 76.0, 78.6, 81.6, 82.7, 81.7, 80.9, 79.3, 78.1, 77.4, 77.7, 78.8, 80.3, 81.1, 81.5, 81.8, 81.9, 81.6, 80.2, 80.7, 80.1, 78.9, 77.8, 77.3, 77.9, 79.1, 75.9, 72.9, 71.3, 72.1, 74.8, 77.9, 79.5, 79.0, 78.2, 76.3, 74.7, 73.8, 73.9, 74.6, 75.9, 77.0, 77.7, 78.1, 78.4, 78.6, 77.0, 77.3, 76.6, 75.3, 74.1, 73.7, 74.4, 75.8, -31.7, -30.1, -26.0, -21.8, -20.0, -21.3, -25.7, -29.9, -36.7, -34.5, -31.3, -27.0, -22.3, -18.6, -15.7, -18.7, -22.8, -27.0, -31.0, -34.3, -27.5, -25.6, -23.8, -23.1, -23.9, -25.8, -27.6, -28.3, 20.3, 21.5, 25.5, 30.0, 32.2, 31.0, 27.0, 22.3, 16.8, 19.0, 22.2, 26.6, 31.3, 35.4, 38.6, 35.8, 32.0, 27.8, 23.5, 19.7, 24.7, 26.6, 28.4, 28.9, 27.9, 26.0, 24.3, 23.7, -72.4, -76.9, -78.8, -77.0, -72.6, -67.9, -66.3, -68.1, -70.7, -72.6, -73.9, -74.5, -73.9, -72.4, -70.1, -68.6, -67.9, -67.6, -67.9, -68.8, -70.5, -69.8, -70.6, -72.5, -74.4, -75.2, -74.4, -72.5, -70.4, -75.0, -77.4, -76.2, -72.0, -67.4, -65.0, -65.9, -67.4, -69.9, -71.9, -73.2, -73.2, -72.6, -71.3, -69.1, -67.6, -66.7, -66.4, -66.4, -68.9, -68.4, -69.5, -71.5, -73.3, -73.9, -72.8, -70.8, 359.8, 360.3, 359.6, 358.2, 356.8, 356.5, 357.0, 358.5, 365.0, 362.1, 359.0, 356.9, 356.2, 356.6, 357.4, 356.3, 355.7, 356.4, 358.5, 361.7, 359.2, 358.5, 358.2, 358.5, 359.1, 359.7, 360.0, 359.8, 326.7, 327.9, 328.4, 328.1, 327.1, 326.0, 325.4, 325.9, 328.1, 326.7, 325.6, 325.3, 326.5, 328.7, 331.1, 328.2, 325.7, 324.5, 324.7, 326.2, 327.2, 327.0, 327.3, 327.8, 328.2, 328.4, 328.1, 327.6, 4.7, -42.0, 385.7, 0.250, 0.341, -0.117, 97.0, 97.0, 98.1, 100.4, 104.2, 109.4, 115.6, 122.3, 131.7, 143.0, 154.4, 164.7, 172.6, 176.7, 177.4, 177.4, 177.1, 95.3, 98.1, 103.0, 108.6, 114.1, 128.7, 136.4, 144.5, 152.7, 159.5, 121.9, 121.2, 120.4, 119.6, 114.9, 118.9, 123.1, 128.0, 132.7, 102.0, 105.4, 110.3, 115.2, 110.3, 105.6, 136.4, 141.1, 146.5, 151.8, 147.0, 141.7, 111.8, 114.7, 119.7, 124.3, 130.0, 139.6, 149.9, 141.8, 132.8, 126.6, 121.5, 116.1, 114.1, 120.3, 125.0, 130.8, 147.3, 132.1, 126.1, 121.3, 83.4, 93.0, 102.3, 111.5, 120.5, 129.0, 136.8, 144.0, 146.1, 143.8, 137.7, 130.0, 120.6, 109.4, 97.5, 85.7, 73.9, 72.9, 68.4, 66.9, 67.2, 69.2, 67.4, 63.6, 62.1, 63.1, 67.0, 77.6, 84.1, 90.6, 97.3, 102.8, 104.2, 105.2, 103.3, 101.7, 80.9, 78.0, 77.7, 80.4, 81.5, 81.9, 78.3, 74.5, 74.0, 75.9, 77.7, 78.4, 115.1, 112.2, 110.9, 111.6, 110.0, 110.2, 111.8, 120.9, 125.7, 126.9, 126.7, 123.3, 115.5, 114.5, 114.6, 113.6, 112.5, 120.4, 121.5, 121.2, -55.0, -54.6, -52.6, -48.4, -41.0, -30.2, -17.6, -4.9, 11.7, 31.0, 51.5, 70.4, 84.4, 91.3, 91.9, 91.9, 91.4, -54.6, -48.2, -38.3, -27.8, -18.1, 5.9, 18.1, 31.1, 44.1, 55.0, -5.0, -6.1, -7.3, -8.4, -16.6, -9.9, -3.0, 4.8, 12.2, -41.4, -34.6, -25.6, -16.9, -25.5, -34.2, 18.6, 26.1, 34.6, 43.1, 35.4, 27.1, -23.5, -17.4, -8.6, -1.1, 8.0, 23.5, 41.1, 27.3, 12.5, 2.5, -5.7, -15.2, -19.2, -7.6, -0.1, 9.2, 36.8, 11.4, 1.8, -6.0, -81.5, -62.6, -44.4, -26.6, -8.8, 7.8, 22.2, 34.0, 36.7, 32.5, 22.2, 8.8, -7.8, -27.6, -48.3, -68.9, -89.7, -95.7, -101.4, -101.2, -97.8, -92.4, -92.3, -97.9, -100.2, -98.6, -92.7, -76.8, -65.2, -54.0, -42.6, -36.5, -33.6, -31.5, -34.5, -37.0, -79.2, -82.7, -82.3, -76.7, -75.6, -75.8, -76.5, -82.0, -82.2, -79.0, -76.0, -75.4, -17.6, -21.6, -22.9, -21.5, -23.8, -23.7, -21.8, -6.6, 1.1, 3.0, 2.8, -2.9, -16.8, -17.2, -16.7, -18.2, -20.6, -7.3, -5.7, -6.3, 446.5, 445.2, 445.7, 447.7, 447.9, 441.8, 428.7, 408.8, 396.0, 393.5, 399.0, 403.6, 404.2, 402.5, 399.6, 399.4, 400.2, 418.8, 408.1, 397.0, 385.6, 377.0, 364.8, 363.0, 363.0, 362.9, 363.9, 369.6, 363.5, 357.2, 351.2, 374.6, 368.3, 363.1, 362.0, 361.4, 409.2, 401.4, 396.5, 392.1, 395.8, 400.7, 373.3, 370.0, 367.3, 366.5, 366.0, 368.7, 406.3, 384.2, 370.2, 365.1, 361.6, 365.4, 375.8, 369.4, 364.8, 368.7, 374.0, 388.7, 402.8, 372.6, 367.2, 363.6, 376.0, 366.4, 370.1, 376.0, 0.590, 0.163, 0.370, -0.121, 128.227, 99.676, -5.663, -26.213, 22.526, -11.037, -10.744, -8.108, -11.781, 3.909, -1.594, 1.934, -1.308, 0.736, 0.582, -0.956, -2.042, -1.362, -0.108, -0.570, -0.912, -1.261, 0.087, 1.548, -0.860, -0.212, 0.509, -0.619, 0.496, -0.010, 0.091, -0.067, 0.128, -0.048, -0.009, 0.023, 1.66, 0.00, 0.84, 0.00, 0.49, 0.00, 0.00, 1.46, 1.59, 2.05, 0.34, 0.00, 0.00, 0.35, 2.36, 0.35, 0.16, 1.0, 0.0, 0.0, 0.0, 0.0, 0.0, 0.0, 1.0, 1.0, 1.0, 1.0, 0.0, 1.0, 0.0, 1.0, 0.0, 0.0, 0.0
9, 0, 1.627, 0.77, 1, -0.078399, 0.232264, -0.969488, -0.261287, 0.262535, -0.928873, -0.177, 0.255, 104.7, 105.7, 108.3, 111.1, 112.4, 111.6, 108.7, 105.9, 101.8, 103.0, 104.9, 107.7, 110.8, 113.4, 115.4, 113.4, 110.6, 107.8, 105.3, 103.2, 107.5, 108.8, 109.9, 110.3, 109.8, 108.6, 107.4, 107.0, 140.4, 141.1, 143.8, 147.1, 148.9, 148.2, 145.4, 142.0, 137.9, 139.4, 141.7, 144.9, 148.2, 151.0, 153.0, 151.4, 149.0, 146.1, 143.0, 140.1, 143.6, 145.0, 146.2, 146.5, 145.7, 144.3, 143.1, 142.8, 80.7, 77.8, 76.3, 77.2, 79.8, 83.0, 84.2, 83.3, 82.7, 80.9, 79.4, 78.6, 78.8, 79.9, 81.6, 82.5, 83.0, 83.4, 83.6, 83.4, 81.7, 82.1, 81.5, 80.2, 79.0, 78.7, 79.3, 80.6, 76.0, 72.8, 71.1, 71.8, 74.6, 77.7, 79.5, 79.0, 78.5, 76.3, 74.5, 73.3, 73.4, 74.3, 75.8, 76.9, 77.7, 78.2, 78.6, 78.9, 77.0, 77.3, 76.6, 75.2, 74.0, 73.7, 74.4, 75.8, -30.4, -28.9, -24.9, -20.7, -18.7, -19.8, -24.1, -28.4, -35.2, -33.2, -29.9, -25.6, -21.0, -17.2, -14.3, -17.2, -21.2, -25.4, -29.4, -32.7, -26.1, -24.2, -22.5, -21.8, -22.7, -24.5, -26.3, -26.9, 21.2, 22.3, 26.2, 30.6, 33.0, 32.0, 28.1, 23.4, 17.8, 19.8, 23.0, 27.3, 32.0, 36.1, 39.3, 36.6, 33.0, 28.9, 24.6, 20.8, 25.6, 27.6, 29.3, 29.8, 28.7, 26.8, 25.0, 24.6, -66.3, -70.8, -72.8, -71.2, -67.0, -62.2, -60.5, -62.0, -64.2, -66.4, -68.0, -68.9, -68.4, -66.8, -64.5, -62.9, -62.0, -61.5, -61.6, -62.4, -64.5, -63.9, -64.8, -66.7, -68.6, -69.3, -68.4, -66.4, -67.6, -72.3, -74.8, -73.8, -69.8, -65.1, -62.6, -63.2, -64.3, -67.2, -69.5, -71.1, -71.2, -70.6, -69.0, -66.8, -65.2, -64.1, -63.6, -63.4, -66.3, -65.9, -67.0, -69.1, -70.8, -71.3, -70.1, -68.1, 340.6, 341.2, 340.7, 339.3, 337.8, 337.3, 337.8, 339.2, 345.7, 342.9, 339.9, 337.8, 337.3, 337.6, 338.4, 337.2, 336.6, 337.2, 339.2, 342.3, 340.0, 339.4, 339.1, 339.4, 340.0, 340.6, 340.9, 340.6, 314.3, 315.6, 316.5, 316.3, 315.3, 313.9, 313.1, 313.4, 315.4, 314.3, 313.4, 313.3, 314.7, 317.0, 319.4, 316.4, 313.7, 312.3, 312.3, 313.7, 314.9, 314.8, 315.2, 315.8, 316.2, 316.3, 315.9, 315.3, 7.2, -34.6, 373.6, 0.241, 0.286, -0.145, 96.0, 96.9, 98.9, 101.9, 105.7, 110.9, 117.3, 124.4, 134.1, 145.5, 156.4, 166.0, 173.5, 177.5, 178.3, 178.0, 177.0, 94.5, 97.6, 103.4, 109.7, 115.9, 129.1, 137.0, 145.6, 154.5, 161.8, 122.9, 122.5, 122.1, 121.7, 116.7, 120.7, 125.2, 130.3, 135.1, 101.6, 105.1, 110.3, 115.6, 110.6, 105.6, 137.6, 142.3, 147.8, 153.2, 148.6, 143.2, 113.9, 117.3, 122.5, 127.1, 132.7, 141.7, 150.9, 143.8, 135.7, 129.7, 124.7, 118.9, 116.2, 123.3, 127.9, 133.6, 148.4, 134.5, 128.7, 124.0, 87.8, 97.7, 107.5, 116.7, 126.0, 134.6, 142.4, 149.1, 150.7, 148.1, 141.2, 132.4, 122.4, 111.0, 99.2, 87.3, 75.4, 77.0, 72.4, 70.9, 71.2, 73.0, 70.8, 66.4, 64.2, 64.7, 68.4, 79.0, 86.5, 94.1, 101.9, 107.3, 108.8, 109.7, 107.6, 105.6, 82.7, 79.3, 78.8, 81.8, 82.9, 83.7, 78.8, 74.2, 73.5, 75.6, 77.8, 78.5, 122.0, 119.0, 117.3, 118.0, 116.2, 116.4, 117.8, 126.0, 130.4, 131.7, 131.6, 128.8, 122.3, 121.0, 121.1, 119.9, 118.5, 124.5, 125.7, 125.5, -54.7, -53.1, -49.4, -44.1, -36.8, -26.5, -14.1, -1.1, 15.3, 34.3, 53.7, 71.5, 85.1, 92.1, 92.9, 92.0, 90.3, -54.1, -47.3, -36.2, -24.8, -14.5, 6.3, 18.6, 32.1, 46.0, 58.0, -3.3, -3.8, -4.4, -4.9, -13.1, -6.8, 0.2, 8.2, 15.6, -40.5, -33.9, -24.8, -15.7, -24.1, -33.1, 20.1, 27.3, 35.9, 44.5, 37.1, 28.7, -19.0, -12.6, -3.9, 3.3, 11.9, 26.1, 41.7, 29.8, 16.8, 7.4, -0.5, -10.1, -14.9, -2.7, 4.5, 13.4, 37.7, 14.8, 5.8, -1.6, -70.2, -51.4, -33.2, -15.7, 1.9, 18.1, 31.8, 41.9, 43.2, 38.8, 27.7, 12.9, -4.6, -24.6, -45.0, -65.3, -86.0, -85.2, -90.7, -90.7, -87.7, -82.7, -84.7, -91.1, -94.8, -94.2, -89.1, -72.0, -59.1, -46.5, -34.1, -28.1, -25.2, -23.5, -26.7, -29.9, -73.4, -77.9, -77.8, -72.0, -70.7, -70.3, -73.8, -80.4, -81.0, -77.7, -74.0, -73.4, -5.2, -9.8, -12.1, -10.9, -13.6, -13.4, -11.6, 1.5, 8.5, 10.5, 10.6, 6.3, -4.6, -6.3, -6.2, -7.9, -10.4, -0.8, 1.1, 0.8, 430.1, 429.8, 431.4, 434.3, 434.5, 429.1, 416.7, 397.1, 383.9, 382.5, 390.1, 397.0, 400.0, 399.9, 397.1, 395.2, 395.2, 405.0, 393.2, 382.2, 371.1, 362.9, 355.8, 354.2, 355.1, 356.2, 359.2, 356.8, 350.1, 343.2, 336.6, 361.7, 355.1, 350.1, 350.0, 350.5, 395.5, 388.4, 383.5, 379.6, 382.8, 387.6, 363.6, 360.6, 358.5, 358.6, 357.4, 359.8, 392.1, 371.8, 359.2, 354.9, 352.2, 356.5, 366.1, 360.3, 356.6, 359.6, 364.4, 377.0, 387.6, 362.3, 357.4, 354.8, 366.3, 356.7, 359.6, 364.8, 0.606, 0.174, 0.301, -0.146, 129.731, 103.390, -6.297, -23.327, 14.745, 6.281, -8.272, 1.033, -8.210, 0.504, 7.603, 6.615, 8.127, 1.793, 2.100, 0.693, -2.219, 1.710, 1.950, 1.211, 1.823, -1.858, 0.917, 0.154, 0.016, 0.213, -0.140, -0.501, 0.266, 0.176, 0.026, 0.047, 0.115, -0.031, 0.020, 0.084, 1.94, 0.00, 1.21, 0.37, 1.33, 0.00, 0.00, 0.00, 0.04, 1.29, 0.35, 0.00, 0.65, 1.14, 0.58, 0.00, 0.00, 1.0, 0.0, 0.0, 0.0, 1.0, 0.0, 0.0, 1.0, 0.0, 1.0, 1.0, 0.0, 1.0, 1.0, 0.0, 0.0, 1.0, 0.0
10, 0, 1.831, 0.77, 1, -0.069388, 0.272354, -0.959692, -0.241904, 0.300734, -0.922519, -0.164, 0.296, 106.2, 107.2, 110.0, 112.9, 114.2, 113.5, 110.5, 107.6, 103.3, 104.4, 106.5, 109.4, 112.6, 115.3, 117.4, 115.3, 112.5, 109.5, 106.9, 104.7, 109.2, 110.5, 111.7, 112.1, 111.5, 110.3, 109.1, 108.6, 143.2, 143.9, 146.8, 150.1, 152.0, 151.2, 148.4, 144.8, 140.5, 142.1, 144.6, 147.9, 151.3, 154.1, 156.1, 154.5, 152.0, 149.1, 145.9, 142.8, 146.4, 147.9, 149.1, 149.5, 148.6, 147.2, 145.9, 145.6, 83.3, 80.2, 78.7, 79.7, 82.5, 85.8, 87.1, 86.2, 85.2, 83.4, 82.0, 81.2, 81.5, 82.6, 84.3, 85.4, 86.0, 86.4, 86.5, 86.1, 84.4, 84.9, 84.2, 82.9, 81.6, 81.2, 81.8, 83.2, 79.1, 75.8, 74.0, 74.9, 77.8, 81.1, 82.9, 82.4, 81.6, 79.4, 77.5, 76.4, 76.5, 77.4, 78.9, 80.2, 81.1, 81.7, 82.0, 82.2, 80.2, 80.6, 79.8, 78.3, 77.0, 76.7, 77.5, 78.9, -26.9, -25.4, -21.4, -17.2, -15.3, -16.3, -20.6, -24.9, -31.6, -29.6, -26.4, -22.1, -17.5, -13.7, -10.8, -13.7, -17.7, -21.9, -25.8, -29.2, -22.5, -20.7, -19.0, -18.3, -19.2, -21.0, -22.8, -23.4, 24.1, 25.2, 29.1, 33.5, 35.9, 34.8, 30.9, 26.3, 20.6, 22.7, 25.9, 30.3, 34.9, 39.0, 42.1, 39.5, 35.9, 31.8, 27.5, 23.6, 28.5, 30.4, 32.1, 32.6, 31.6, 29.6, 27.9, 27.4, -59.6, -64.1, -66.1, -64.4, -60.2, -55.5, -53.8, -55.3, -57.9, -60.0, -61.3, -62.0, -61.6, -60.1, -57.8, -56.1, -55.2, -54.7, -54.9, -55.9, -57.9, -57.2, -58.1, -60.0, -61.9, -62.6, -61.7, -59.8, -60.8, -65.5, -68.0, -66.9, -62.9, -58.2, -55.7, -56.4, -57.7, -60.5, -62.7, -64.2, -64.4, -63.8, -62.3, -59.9, -58.2, -57.2, -56.7, -56.6, -59.6, -59.1, -60.2, -62.2, -64.0, -64.5, -63.4, -61.3, 325.9, 326.1, 325.3, 324.0, 322.9, 322.8, 323.5, 324.8, 331.2, 328.1, 325.0, 322.8, 322.2, 322.7, 323.6, 322.7, 322.1, 322.8, 324.8, 327.9, 325.4, 324.8, 324.4, 324.5, 325.0, 325.6, 325.9, 325.8, 302.2, 303.3, 304.1, 304.2, 303.5, 302.4, 301.5, 301.6, 303.3, 302.1, 301.2, 301.2, 302.8, 305.3, 308.0, 304.9, 302.2, 300.7, 300.6, 301.8, 303.0, 303.1, 303.4, 303.9, 304.2, 304.2, 303.8, 303.3, 11.2, -27.5, 363.3, 0.289, 0.267, -0.161, 96.9, 98.1, 100.6, 103.9, 108.0, 113.5, 119.8, 127.2, 137.2, 148.7, 159.4, 168.8, 175.7, 179.3, 180.2, 179.8, 178.7, 95.5, 98.4, 104.5, 111.4, 118.1, 131.2, 139.1, 147.9, 157.0, 164.2, 125.7, 125.5, 125.3, 125.1, 119.6, 123.8, 128.6, 133.9, 138.8, 103.1, 106.7, 112.1, 117.6, 112.5, 107.2, 140.2, 145.1, 150.9, 156.4, 151.8, 146.1, 116.4, 120.5, 126.0, 130.8, 136.4, 145.3, 154.3, 147.3, 139.3, 133.2, 127.9, 121.8, 118.7, 126.7, 131.5, 137.3, 151.8, 138.0, 132.2, 127.2, 89.8, 100.4, 110.7, 120.3, 129.9, 138.7, 146.8, 153.8, 155.6, 152.9, 145.3, 135.5, 124.7, 112.8, 100.6, 88.5, 76.3, 78.0, 73.0, 71.3, 71.8, 74.2, 72.1, 67.4, 65.1, 65.6, 69.7, 81.7, 90.1, 98.5, 107.1, 112.1, 113.9, 115.0, 112.7, 110.5, 85.1, 81.9, 81.5, 84.5, 85.8, 86.5, 81.8, 77.3, 76.7, 78.8, 81.2, 81.9, 126.9, 124.7, 123.4, 124.3, 122.4, 122.4, 123.1, 131.6, 136.1, 137.4, 137.2, 134.1, 127.5, 127.2, 127.4, 126.2, 124.0, 130.1, 131.3, 130.9, -50.9, -48.8, -44.8, -38.9, -31.5, -21.1, -9.3, 3.8, 20.2, 39.2, 57.8, 74.8, 86.8, 92.8, 93.3, 91.9, 89.9, -50.4, -44.0, -32.8, -21.1, -10.5, 9.3, 20.9, 34.2, 47.9, 59.5, 1.0, 0.7, 0.4, 0.1, -8.3, -1.8, 5.3, 13.3, 20.7, -36.6, -30.0, -20.9, -11.9, -20.1, -29.1, 23.4, 30.6, 39.2, 47.6, 40.5, 32.1, -14.4, -7.1, 1.6, 8.9, 17.3, 31.0, 46.1, 34.5, 22.0, 12.6, 4.6, -5.2, -10.4, 2.7, 10.0, 18.8, 42.1, 19.9, 11.0, 3.5, -63.7, -44.7, -26.3, -8.7, 9.0, 25.0, 38.9, 49.3, 50.7, 46.2, 34.2, 18.0, -0.5, -20.9, -41.2, -61.3, -81.6, -80.2, -86.1, -86.2, -82.7, -77.4, -79.1, -85.7, -89.5, -89.0, -83.8, -65.2, -51.6, -38.5, -25.6, -19.8, -16.8, -14.9, -18.3, -21.7, -66.5, -70.6, -70.3, -64.8, -63.2, -62.9, -66.3, -72.7, -73.2, -70.2, -66.2, -65.5, 3.2, -0.4, -2.4, -1.1, -3.9, -3.9, -3.0, 10.2, 17.0, 19.1, 19.0, 14.6, 4.1, 3.4, 3.6, 1.9, -1.6, 7.8, 9.7, 9.2, 413.1, 414.3, 417.3, 421.5, 421.9, 417.1, 406.3, 389.3, 377.5, 376.6, 383.3, 389.3, 390.6, 389.1, 385.3, 382.4, 381.4, 388.7, 377.0, 365.6, 354.4, 347.0, 341.0, 339.1, 340.3, 341.8, 345.4, 343.4, 337.2, 330.9, 325.1, 350.6, 344.4, 339.9, 339.9, 340.6, 380.1, 372.7, 368.0, 364.7, 368.0, 372.6, 349.9, 347.0, 345.0, 345.8, 344.6, 346.8, 381.0, 362.1, 350.2, 346.4, 344.0, 348.3, 357.9, 352.7, 349.4, 351.7, 356.0, 367.3, 376.6, 353.6, 349.1, 347.0, 357.8, 348.8, 351.1, 355.8, 0.626, 0.237, 0.269, -0.159, 132.380, 107.115, -18.155, -20.320, 8.071, 15.139, -4.147, 3.661, -9.600, -1.232, 3.209, 10.061, 5.911, 0.450, 1.288, 0.397, -4.490, 0.108, 0.992, -1.343, 0.995, -2.018, 0.988, -0.785, 0.102, -0.412, -0.231, -0.633, -0.288, 0.215, -0.064, 0.045, 0.015, -0.033, 0.005, 0.089, 2.62, 0.48, 1.82, 0.79, 1.55, 0.00, 0.00, 0.00, 0.25, 2.06, 0.39, 0.00, 0.79, 1.08, 0.55, 0.00, 0.00, 1.0, 1.0, 0.0, 0.0, 1.0, 0.0, 0.0, 1.0, 0.0, 1.0, 1.0, 0.0, 1.0, 1.0, 0.0, 0.0, 1.0, 0.0
11, 0, 2.034, 0.03, 0, 0.000000, 0.000000, 0.000000, 0.000000, 0.000000, 0.000000, 0.000, 0.000, 105.8, 106.9, 109.7, 112.7, 114.0, 113.2, 110.1, 107.2, 102.6, 103.9, 106.1, 109.1, 112.5, 115.2, 117.2, 115.1, 112.2, 109.2, 106.5, 104.2, 108.8, 110.1, 111.4, 111.9, 111.3, 110.0, 108.7, 108.3, 143.1, 143.8, 146.7, 150.0, 151.9, 151.1, 148.3, 144.7, 140.4, 142.0, 144.5, 147.8, 151.2, 154.0, 156.0, 154.4, 152.0, 149.0, 145.8, 142.7, 146.3, 147.8, 149.0, 149.3, 148.5, 147.1, 145.8, 145.5, 84.1, 81.0, 79.5, 80.5, 83.4, 86.7, 88.0, 87.0, 86.0, 84.1, 82.7, 81.8, 82.2, 83.4, 85.3, 86.4, 87.0, 87.4, 87.4, 87.1, 85.3, 85.7, 85.1, 83.7, 82.5, 82.0, 82.7, 84.0, 80.0, 76.7, 75.0, 75.8, 78.7, 82.0, 83.8, 83.2, 82.6, 80.2, 78.3, 77.2, 77.4, 78.3, 79.9, 81.3, 82.1, 82.7, 83.0, 83.2, 81.1, 81.5, 80.7, 79.3, 78.0, 77.6, 78.4, 79.8, -26.9, -25.4, -21.4, -17.2, -15.3, -16.4, -20.7, -24.9, -31.9, -29.8, -26.4, -22.1, -17.4, -13.7, -10.9, -13.8, -17.8, -22.0, -25.9, -29.4, -22.6, -20.8, -19.0, -18.4, -19.2, -21.1, -22.8, -23.5, 23.9, 25.0, 28.9, 33.3, 35.7, 34.6, 30.7, 26.1, 20.4, 22.5, 25.7, 30.1, 34.7, 38.7, 41.8, 39.2, 35.7, 31.6, 27.4, 23.4, 28.3, 30.2, 31.9, 32.4, 31.4, 29.4, 27.7, 27.2, -57.3, -61.8, -63.7, -62.1, -57.9, -53.2, -51.5, -53.1, -55.5, -57.8, -59.2, -60.0, -59.5, -57.9, -55.4, -53.6, -52.7, -52.3, -52.5, -53.5, -55.6, -54.9, -55.8, -57.7, -59.6, -60.3, -59.4, -57.5, -59.5, -64.1, -66.6, -65.5, -61.5, -56.9, -54.4, -55.1, -56.3, -59.2, -61.5, -63.0, -63.1, -62.5, -60.8, -58.4, -56.7, -55.6, -55.2, -55.2, -58.2, -57.7, -58.8, -60.9, -62.6, -63.1, -62.0, -60.0, 319.5, 319.9, 319.3, 318.1, 317.0, 316.8, 317.2, 318.4, 324.5, 321.6, 318.7, 316.7, 316.3, 316.9, 317.9, 316.7, 316.0, 316.5, 318.4, 321.3, 319.1, 318.6, 318.3, 318.5, 319.0, 319.5, 319.7, 319.6, 301.2, 302.3, 303.3, 303.4, 302.8, 301.7, 300.8, 300.8, 302.3, 301.2, 300.4, 300.5, 302.1, 304.7, 307.4, 304.3, 301.6, 299.9, 299.8, 300.9, 302.2, 302.3, 302.7, 303.1, 303.4, 303.4, 303.0, 302.5, 10.6, -27.0, 361.1, 0.207, 0.218, -0.142, 93.3, 94.8, 97.5, 100.8, 105.4, 111.9, 119.2, 127.5, 137.8, 149.2, 159.6, 168.5, 174.6, 177.7, 178.5, 178.2, 177.2, 93.8, 97.7, 104.4, 111.7, 118.7, 132.7, 140.6, 149.2, 157.9, 164.7, 127.0, 126.9, 126.8, 126.8, 120.4, 124.7, 129.3, 134.3, 138.8, 102.5, 106.4, 112.0, 117.3, 112.2, 106.6, 140.2, 144.9, 150.8, 156.2, 151.7, 146.0, 116.3, 120.9, 126.5, 130.9, 136.0, 143.7, 151.9, 145.1, 138.1, 132.5, 127.7, 121.7, 118.6, 127.1, 131.5, 136.8, 149.1, 137.3, 131.9, 127.4, 89.2, 101.0, 112.7, 123.9, 134.3, 143.1, 150.3, 155.7, 156.2, 153.1, 145.6, 136.4, 126.1, 114.5, 102.6, 90.7, 78.7, 78.9, 73.1, 70.9, 71.3, 73.7, 71.7, 67.5, 65.5, 66.2, 70.7, 81.9, 89.9, 97.9, 106.2, 112.1, 113.5, 114.5, 112.4, 110.3, 86.0, 82.5, 82.1, 85.4, 86.9, 87.5, 82.7, 78.1, 77.4, 79.8, 82.3, 83.0, 127.6, 124.5, 122.7, 123.4, 121.6, 122.1, 123.4, 130.7, 134.4, 135.6, 135.6, 133.5, 127.7, 126.4, 126.4, 125.3, 124.3, 128.7, 129.9, 129.9, -58.3, -55.6, -50.9, -44.9, -36.1, -23.8, -10.1, 4.1, 21.0, 39.7, 58.0, 74.2, 85.2, 90.4, 91.1, 90.1, 88.4, -52.9, -45.1, -33.0, -20.7, -9.6, 11.6, 23.5, 36.7, 50.4, 61.6, 3.0, 2.8, 2.6, 2.6, -7.0, -0.5, 6.4, 13.8, 20.7, -37.3, -30.3, -20.9, -12.3, -20.5, -29.9, 23.6, 30.8, 39.7, 48.2, 41.1, 32.3, -14.4, -6.4, 2.3, 9.0, 16.7, 28.6, 42.3, 30.9, 19.9, 11.5, 4.2, -5.2, -10.4, 3.2, 9.9, 17.9, 37.8, 18.7, 10.6, 3.7, -65.8, -44.3, -22.8, -2.1, 17.1, 32.9, 44.5, 51.5, 51.1, 46.0, 34.5, 19.5, 1.9, -18.0, -38.1, -58.2, -78.5, -78.2, -85.6, -86.9, -83.9, -78.5, -80.4, -86.7, -90.4, -90.1, -84.3, -65.5, -52.3, -39.6, -27.0, -19.7, -17.4, -15.7, -18.8, -22.0, -64.5, -69.1, -69.0, -63.2, -61.2, -60.9, -65.7, -72.4, -73.2, -69.9, -65.7, -64.7, 4.3, -0.8, -3.6, -2.4, -5.1, -4.5, -2.4, 8.8, 14.2, 16.1, 16.3, 13.4, 4.4, 2.1, 2.1, 0.4, -1.2, 5.6, 7.5, 7.5, 418.7, 420.1, 422.0, 423.4, 420.8, 413.3, 400.1, 382.5, 372.8, 373.9, 382.3, 389.1, 391.4, 390.7, 388.2, 386.2, 386.1, 386.3, 376.1, 366.0, 356.1, 349.1, 343.7, 343.7, 346.1, 349.1, 353.9, 346.4, 340.0, 333.4, 327.2, 349.6, 344.2, 340.0, 340.4, 341.6, 376.9, 370.5, 366.5, 364.0, 366.3, 370.2, 354.1, 351.9, 350.7, 352.4, 350.2, 351.3, 374.4, 357.7, 347.9, 345.1, 344.0, 348.6, 358.4, 350.8, 346.5, 347.6, 350.8, 360.3, 370.8, 350.4, 347.2, 346.3, 357.2, 347.3, 348.3, 351.7, 0.626, 0.168, 0.226, -0.142, 131.993, 107.498, -12.390, -2.273, 0.629, 7.513, -3.768, 3.977, -2.626, -2.290, -0.619, 3.905, 1.556, 0.611, 0.528, 0.546, -0.035, 1.010, -0.072, -0.808, -0.235, 0.596, 0.499, -0.438, -1.147, 0.190, 0.061, -0.239, 0.186, -0.017, -0.074, -0.027, 0.075, 0.035, 0.007, 0.065, 3.68, 1.37, 1.46, 2.06, 1.21, 0.00, 0.00, 0.00, 0.38, 1.78, 0.26, 0.00, 0.09, 0.88, 0.31, 0.00, 0.79, 1.0, 1.0, 0.0, 1.0, 1.0, 1.0, 0.0, 0.0, 0.0, 1.0, 1.0, 0.0, 0.0, 1.0, 0.0, 0.0, 1.0, 0.0
12, 0, 2.237, 0.03, 0, 0.000000, 0.000000, 0.000000, 0.000000, 0.000000, 0.000000, 0.000, 0.000, 105.1, 106.6, 109.9, 113.1, 114.4, 113.1, 109.5, 106.3, 101.2, 102.9, 105.6, 109.0, 112.7, 115.6, 117.6, 115.2, 112.0, 108.6, 105.5, 102.9, 108.3, 109.7, 111.2, 111.9, 111.3, 109.9, 108.5, 107.8, 147.2, 148.4, 151.8, 155.3, 157.0, 155.8, 152.5, 148.7, 143.9, 146.0, 149.0, 152.8, 156.4, 159.3, 161.3, 159.4, 156.7, 153.4, 149.9, 146.4, 150.6, 152.2, 153.6, 154.2, 153.4, 151.9, 150.4, 149.9, 81.1, 77.8, 76.4, 77.8, 81.2, 84.8, 85.9, 84.5, 82.8, 80.9, 79.6, 79.0, 79.7, 81.3, 83.5, 84.5, 84.8, 85.0, 84.7, 84.1, 82.8, 83.4, 82.8, 81.3, 79.8, 79.2, 79.8, 81.3, 80.5, 77.0, 75.4, 76.7, 80.2, 83.7, 85.3, 84.3, 82.9, 80.7, 79.0, 78.2, 78.7, 79.9, 81.8, 83.1, 83.8, 84.1, 84.0, 83.9, 82.1, 82.7, 82.0, 80.4, 78.9, 78.3, 79.0, 80.6, -25.1, -23.2, -19.0, -14.9, -13.3, -14.9, -19.4, -23.5, -30.5, -28.0, -24.4, -19.9, -15.4, -11.8, -9.3, -12.2, -16.2, -20.5, -24.5, -28.0, -21.0, -19.2, -17.3, -16.5, -17.2, -19.0, -20.9, -21.7, 26.5, 28.1, 32.2, 36.5, 38.5, 36.9, 32.8, 28.2, 22.6, 25.1, 28.6, 33.1, 37.7, 41.6, 44.4, 41.7, 38.0, 33.8, 29.5, 25.6, 30.7, 32.6, 34.4, 35.1, 34.2, 32.3, 30.5, 29.9, -55.3, -59.6, -61.2, -59.2, -54.8, -50.2, -48.9, -50.9, -54.0, -55.9, -57.0, -57.4, -56.5, -54.7, -52.1, -50.6, -50.1, -49.9, -50.5, -51.8, -53.2, -52.3, -53.0, -54.9, -56.9, -57.7, -57.0, -55.1, -53.1, -57.6, -59.7, -58.2, -53.9, -49.4, -47.3, -48.5, -50.4, -52.9, -54.8, -55.8, -55.5, -54.6, -52.9, -50.7, -49.4, -48.7, -48.7, -49.0, -51.4, -50.8, -51.7, -53.7, -55.5, -56.2, -55.3, -53.3, 287.1, 287.6, 287.2, 286.1, 285.1, 284.8, 285.1, 286.1, 292.0, 289.2, 286.4, 284.5, 284.3, 285.0, 286.1, 284.8, 283.9, 284.3, 286.1, 288.9, 286.9, 286.4, 286.3, 286.5, 286.9, 287.4, 287.5, 287.4, 272.2, 273.3, 274.3, 274.6, 274.1, 273.0, 271.9, 271.8, 273.2, 272.1, 271.3, 271.5, 273.3, 276.0, 278.9, 275.7, 272.8, 271.1, 270.8, 271.8, 273.3, 273.4, 273.8, 274.3, 274.6, 274.4, 274.0, 273.5, 10.0, -23.2, 332.1, 0.186, 0.179, -0.062, 89.0, 90.4, 92.8, 95.7, 100.5, 107.6, 115.7, 124.6, 136.1, 148.7, 160.0, 169.2, 175.3, 178.3, 179.6, 180.3, 180.3, 91.4, 96.7, 104.8, 113.1, 121.1, 137.4, 146.2, 155.5, 164.5, 170.8, 130.2, 129.5, 128.9, 128.5, 119.9, 124.7, 129.8, 135.3, 140.3, 101.0, 105.9, 112.2, 117.8, 111.9, 105.6, 143.6, 149.6, 156.0, 161.5, 156.4, 150.0, 112.4, 118.2, 125.1, 130.2, 136.2, 144.5, 153.0, 145.2, 137.1, 130.7, 125.1, 118.2, 115.0, 125.5, 130.6, 136.8, 149.7, 137.0, 130.8, 125.6, 83.6, 97.3, 111.0, 124.2, 136.3, 146.7, 155.1, 161.3, 162.4, 159.1, 150.8, 141.0, 130.2, 118.4, 106.5, 94.5, 82.5, 74.6, 68.4, 66.3, 67.5, 71.0, 70.5, 67.0, 65.8, 67.2, 72.6, 80.7, 89.3, 97.8, 106.6, 112.5, 114.2, 115.7, 114.0, 112.0, 82.8, 79.5, 79.6, 83.6, 84.8, 84.9, 83.1, 78.8, 78.7, 81.7, 83.8, 84.0, 128.4, 125.2, 123.8, 125.0, 123.5, 124.6, 127.1, 134.9, 138.6, 139.6, 139.3, 136.1, 128.7, 128.0, 128.4, 127.5, 127.8, 132.1, 133.2, 132.8, -62.0, -60.0, -56.1, -51.1, -42.2, -29.2, -15.1, -0.6, 16.9, 36.2, 54.9, 70.7, 80.5, 84.7, 85.9, 86.9, 87.1, -52.1, -42.7, -29.7, -17.0, -5.4, 17.2, 29.6, 42.9, 56.4, 66.5, 7.2, 6.2, 5.2, 4.6, -7.2, -0.4, 6.5, 14.1, 21.0, -36.2, -28.4, -18.8, -10.6, -19.2, -28.8, 26.8, 35.2, 44.4, 52.6, 44.9, 35.8, -19.1, -9.7, 0.1, 7.3, 15.5, 27.5, 40.9, 28.7, 17.0, 8.0, 0.2, -9.9, -15.0, 0.7, 7.9, 16.5, 35.9, 16.9, 8.1, 0.8, -71.3, -47.9, -24.4, -1.5, 19.5, 36.5, 49.0, 56.3, 56.7, 52.2, 40.5, 25.6, 8.3, -10.5, -29.2, -47.8, -66.9, -78.2, -85.3, -86.0, -82.0, -75.4, -75.4, -80.7, -83.4, -82.4, -76.0, -61.6, -48.6, -36.3, -24.0, -17.6, -14.9, -12.6, -15.0, -17.9, -63.7, -67.5, -66.8, -60.6, -59.1, -59.6, -60.3, -66.2, -66.2, -62.3, -58.8, -58.6, 5.1, 0.3, -1.7, -0.0, -2.1, -0.5, 3.1, 14.1, 19.1, 20.4, 20.1, 16.1, 5.6, 4.2, 4.7, 3.5, 4.0, 10.0, 11.5, 11.1, 392.2, 394.5, 396.6, 396.6, 392.3, 383.5, 370.1, 353.2, 345.6, 348.3, 357.7, 364.1, 364.7, 362.0, 358.8, 357.9, 358.9, 353.3, 343.6, 333.9, 324.6, 318.2, 315.4, 317.3, 320.7, 324.9, 330.7, 317.0, 310.3, 303.4, 297.0, 319.7, 314.7, 310.6, 311.2, 312.7, 344.1, 338.5, 335.4, 333.4, 335.1, 338.2, 327.8, 326.5, 326.1, 328.4, 325.5, 326.0, 344.8, 327.8, 318.0, 316.0, 315.7, 321.4, 333.0, 324.3, 318.8, 318.9, 321.3, 330.4, 341.7, 320.7, 318.2, 318.4, 331.4, 319.8, 319.6, 322.3, 0.678, 0.155, 0.194, -0.063, 132.225, 108.595, -11.198, 17.775, 5.229, 6.085, -3.444, 1.079, -5.931, -0.329, -0.636, 0.629, 0.203, 0.198, -0.007, 1.656, -1.076, -0.427, -0.578, 0.549, -0.306, -0.031, -0.102, -0.218, -0.737, -0.399, -0.112, -0.407, 0.057, 0.018, -0.051, -0.020, 0.027, 0.000, 0.001, 0.014, 2.00, 0.00, 1.00, 0.33, 0.33, 0.48, 0.00, 0.00, 1.07, 1.08, 0.00, 0.00, 1.27, 1.35, 0.43, 0.00, 0.00, 1.0, 1.0, 0.0, 0.0, 0.0, 1.0, 0.0, 0.0, 0.0, 1.0, 1.0, 0.0, 1.0, 1.0, 0.0, 0.0, 1.0, 0.0
13, 0, 2.441, 0.03, 0, 0.000000, 0.000000, 0.000000, 0.000000, 0.000000, 0.000000, 0.000, 0.000, 102.2, 103.7, 107.3, 110.9, 112.3, 111.0, 107.1, 103.6, 97.5, 99.7, 102.8, 106.7, 110.6, 113.6, 115.7, 113.3, 109.9, 106.3, 102.7, 99.7, 105.7, 107.2, 108.8, 109.5, 108.9, 107.3, 105.7, 105.1, 146.5, 147.7, 151.1, 154.8, 156.6, 155.5, 152.0, 148.1, 143.1, 145.3, 148.4, 152.3, 156.0, 159.0, 160.9, 159.2, 156.4, 153.1, 149.4, 145.8, 150.0, 151.7, 153.2, 153.7, 152.9, 151.3, 149.8, 149.3, 81.3, 77.7, 76.2, 77.7, 81.4, 85.3, 86.5, 85.0, 83.2, 81.1, 79.7, 79.0, 79.7, 81.4, 83.8, 84.9, 85.3, 85.4, 85.2, 84.6, 83.1, 83.7, 83.1, 81.5, 79.9, 79.3, 79.9, 81.5, 80.7, 77.0, 75.3, 76.6, 80.2, 83.9, 85.6, 84.6, 83.3, 80.8, 78.9, 78.0, 78.5, 79.9, 81.9, 83.3, 84.1, 84.4, 84.4, 84.3, 82.3, 82.9, 82.1, 80.5, 79.0, 78.4, 79.1, 80.7, -26.6, -24.9, -20.7, -16.5, -14.8, -16.2, -20.7, -24.9, -32.6, -29.7, -25.8, -21.2, -16.7, -13.3, -10.8, -13.6, -17.5, -21.7, -25.9, -29.7, -22.6, -20.7, -18.9, -18.1, -18.9, -20.7, -22.6, -23.3, 24.7, 26.1, 30.2, 34.5, 36.5, 35.0, 31.0, 26.4, 20.8, 23.2, 26.7, 31.2, 35.8, 39.5, 42.3, 39.7, 36.1, 32.0, 27.8, 23.8, 28.8, 30.7, 32.5, 33.1, 32.2, 30.3, 28.6, 27.9, -50.9, -55.3, -57.1, -55.2, -50.8, -46.1, -44.7, -46.6, -49.5, -51.5, -52.7, -53.3, -52.5, -50.7, -48.2, -46.6, -46.0, -45.7, -46.2, -47.4, -48.9, -48.1, -48.9, -50.8, -52.7, -53.5, -52.8, -50.9, -50.7, -55.2, -57.4, -56.0, -51.7, -47.2, -45.1, -46.2, -47.9, -50.6, -52.6, -53.7, -53.5, -52.5, -50.7, -48.4, -47.0, -46.3, -46.2, -46.6, -49.1, -48.5, -49.4, -51.4, -53.2, -53.9, -52.9, -51.0, 265.8, 266.5, 266.6, 266.0, 265.1, 264.7, 264.4, 265.0, 270.1, 267.6, 265.2, 263.9, 264.1, 265.3, 266.6, 265.0, 263.6, 263.4, 264.7, 267.2, 266.1, 265.8, 265.8, 266.1, 266.5, 266.8, 266.8, 266.5, 260.9, 262.1, 263.2, 263.6, 263.1, 262.0, 260.8, 260.5, 261.7, 260.8, 260.2, 260.5, 262.4, 265.2, 268.1, 264.9, 261.9, 260.0, 259.6, 260.5, 262.1, 262.3, 262.8, 263.3, 263.5, 263.3, 262.8, 262.3, 6.9, -22.2, 322.3, 0.143, 0.018, -0.015, 79.5, 80.3, 82.1, 84.7, 89.5, 97.2, 107.0, 118.1, 130.4, 142.1, 152.5, 162.0, 169.8, 174.8, 177.5, 179.1, 179.7, 86.5, 92.9, 102.2, 112.0, 120.9, 137.3, 146.6, 156.0, 165.2, 171.6, 129.7, 129.9, 130.1, 130.4, 119.6, 124.9, 130.3, 135.6, 140.5, 97.4, 103.1, 110.0, 115.9, 109.9, 102.9, 142.9, 148.8, 155.6, 161.2, 156.3, 149.5, 110.6, 118.2, 125.6, 130.5, 135.9, 143.3, 150.2, 143.7, 136.8, 130.9, 125.5, 118.1, 113.8, 125.6, 130.5, 136.1, 147.2, 136.2, 130.6, 125.5, 85.3, 98.3, 111.0, 123.3, 134.8, 144.8, 153.0, 159.6, 161.4, 159.3, 152.9, 144.9, 134.9, 122.9, 110.0, 96.9, 83.7, 74.9, 68.6, 66.5, 67.4, 70.6, 70.0, 66.5, 65.4, 67.4, 73.3, 81.0, 89.2, 97.2, 105.5, 112.3, 113.9, 115.1, 113.6, 112.0, 83.1, 79.6, 79.6, 84.0, 85.2, 85.4, 83.4, 78.7, 78.6, 81.9, 84.2, 84.4, 129.4, 125.8, 123.8, 125.0, 123.7, 125.4, 128.3, 135.1, 138.2, 138.9, 138.6, 135.9, 129.5, 128.1, 128.5, 127.9, 128.7, 131.8, 132.6, 132.1, -74.5, -73.2, -70.3, -66.0, -57.8, -44.6, -28.2, -10.4, 7.9, 25.8, 42.8, 59.4, 73.0, 81.5, 85.9, 88.5, 89.8, -57.4, -46.6, -32.3, -18.0, -5.6, 16.8, 29.8, 43.7, 57.8, 68.5, 6.4, 6.5, 6.7, 6.9, -7.4, -0.2, 7.0, 14.2, 20.9, -40.4, -31.5, -21.4, -12.9, -21.6, -31.7, 25.4, 33.9, 43.8, 52.4, 44.6, 34.9, -20.8, -9.4, 0.9, 7.4, 14.8, 25.3, 36.3, 26.1, 16.0, 8.0, 0.7, -9.7, -16.1, 0.8, 7.5, 15.1, 31.7, 15.3, 7.6, 0.7, -64.9, -43.7, -22.9, -2.7, 15.9, 31.7, 43.8, 52.0, 53.8, 51.6, 43.6, 31.9, 16.1, -3.4, -24.6, -46.0, -67.9, -74.6, -81.9, -82.8, -79.6, -73.9, -74.7, -80.7, -83.9, -82.9, -76.2, -59.9, -47.8, -36.2, -24.8, -17.3, -14.9, -13.1, -15.3, -17.6, -61.1, -65.3, -64.9, -58.5, -56.8, -56.9, -59.1, -66.0, -66.3, -62.4, -58.3, -57.6, 6.4, 1.1, -1.6, 0.0, -1.8, 0.6, 4.8, 14.1, 18.0, 19.0, 18.6, 15.3, 6.5, 4.3, 4.8, 3.9, 5.3, 9.3, 10.3, 9.7, 372.8, 372.9, 373.5, 373.8, 371.6, 365.9, 355.8, 342.2, 337.3, 342.6, 355.2, 365.6, 371.1, 372.8, 372.7, 373.0, 374.2, 339.4, 330.6, 322.5, 314.9, 309.7, 309.8, 314.3, 320.8, 327.8, 335.4, 310.4, 303.8, 296.8, 290.2, 308.8, 305.6, 303.3, 305.3, 307.7, 332.6, 327.6, 325.8, 324.9, 325.3, 327.2, 323.9, 324.3, 325.9, 329.9, 325.3, 323.8, 329.8, 315.3, 308.1, 307.1, 307.6, 315.3, 328.5, 318.0, 310.8, 310.2, 311.4, 318.4, 327.3, 310.7, 309.3, 310.2, 326.1, 311.4, 310.6, 312.2, 0.693, 0.113, -0.000, -0.013, 129.951, 108.865, 3.098, -4.115, 1.134, 3.531, 2.569, -2.695, -1.202, 1.268, 2.434, 0.260, -1.568, 0.890, 0.654, 0.552, -0.315, -0.482, 0.364, -1.174, 0.033, 0.108, 0.481, -0.142, -0.635, -0.211, -0.215, -0.159, 0.015, 0.026, -0.032, -0.005, -0.004, 0.016, 0.006, 0.004, 2.56, 0.00, 0.00, 1.56, 0.11, 0.00, 0.00, 0.43, 1.01, 0.00, 0.03, 0.15, 0.69, 0.00, 0.06, 0.00, 1.01, 1.0, 1.0, 1.0, 0.0, 0.0, 0.0, 0.0, 0.0, 0.0, 0.0, 1.0, 0.0, 0.0, 0.0, 1.0, 0.0, 1.0, 1.0
14, 0, 2.644, 0.03, 0, 0.000000, 0.000000, 0.000000, 0.000000, 0.000000, 0.000000, 0.000, 0.000, 101.5, 103.0, 106.6, 110.2, 111.7, 110.5, 106.6, 103.0, 97.0, 99.1, 102.1, 106.0, 109.9, 113.0, 115.3, 112.8, 109.4, 105.7, 102.2, 99.1, 105.1, 106.7, 108.3, 108.9, 108.3, 106.7, 105.1, 104.5, 147.0, 148.1, 151.6, 155.5, 157.4, 156.3, 152.8, 148.7, 143.6, 145.7, 148.9, 152.9, 156.7, 159.8, 162.0, 160.1, 157.2, 153.8, 150.0, 146.3, 150.7, 152.3, 153.9, 154.4, 153.5, 151.9, 150.3, 149.8, 81.3, 77.6, 76.0, 77.4, 81.1, 85.0, 86.3, 84.9, 83.2, 81.1, 79.6, 78.9, 79.5, 81.1, 83.4, 84.6, 85.0, 85.3, 85.1, 84.5, 82.9, 83.6, 82.9, 81.3, 79.7, 79.1, 79.7, 81.4, 79.6, 75.7, 73.9, 75.2, 78.8, 82.7, 84.5, 83.5, 82.2, 79.7, 77.8, 76.8, 77.2, 78.5, 80.5, 81.9, 82.7, 83.2, 83.2, 83.2, 81.1, 81.7, 80.9, 79.2, 77.6, 77.1, 77.9, 79.5, -27.2, -25.6, -21.4, -17.2, -15.4, -16.7, -21.2, -25.4, -33.1, -30.3, -26.5, -21.9, -17.4, -13.9, -11.3, -14.1, -18.0, -22.2, -26.4, -30.2, -23.1, -21.2, -19.4, -18.7, -19.5, -21.3, -23.2, -23.9, 24.7, 26.1, 30.2, 34.6, 36.7, 35.2, 31.2, 26.5, 20.9, 23.3, 26.7, 31.2, 35.8, 39.7, 42.6, 39.9, 36.3, 32.2, 27.9, 23.9, 29.0, 30.9, 32.7, 33.3, 32.4, 30.4, 28.7, 28.0, -50.8, -55.2, -57.0, -55.2, -50.8, -46.2, -44.7, -46.4, -49.3, -51.3, -52.6, -53.2, -52.5, -50.8, -48.4, -46.7, -46.0, -45.7, -46.1, -47.3, -48.9, -48.1, -48.9, -50.8, -52.7, -53.5, -52.7, -50.8, -51.0, -55.6, -57.8, -56.5, -52.3, -47.7, -45.5, -46.5, -48.3, -50.9, -52.9, -54.1, -53.9, -53.1, -51.4, -49.1, -47.6, -46.8, -46.7, -46.9, -49.5, -48.9, -49.9, -51.9, -53.7, -54.3, -53.3, -51.3, 264.6, 265.3, 265.2, 264.6, 263.7, 263.3, 263.1, 263.7, 269.0, 266.4, 263.9, 262.5, 262.7, 263.8, 265.1, 263.5, 262.2, 262.1, 263.5, 266.1, 264.8, 264.5, 264.5, 264.8, 265.2, 265.4, 265.4, 265.2, 256.0, 257.1, 258.2, 258.5, 257.9, 256.8, 255.8, 255.6, 257.0, 255.9, 255.2, 255.4, 257.2, 259.9, 262.7, 259.6, 256.7, 254.9, 254.6, 255.6, 257.1, 257.2, 257.7, 258.2, 258.4, 258.3, 257.8, 257.4, 7.5, -22.2, 314.3, 0.138, 0.069, -0.039, 79.8, 80.7, 82.7, 85.6, 90.6, 98.6, 108.5, 119.8, 132.5, 145.1, 156.4, 166.6, 174.6, 179.5, 181.8, 183.0, 183.2, 86.1, 92.5, 101.7, 111.2, 120.0, 136.7, 146.2, 156.0, 165.6, 172.7, 129.0, 129.1, 129.2, 129.4, 119.3, 124.6, 130.0, 135.5, 140.5, 96.8, 102.4, 109.4, 115.5, 109.3, 102.4, 143.3, 149.3, 156.3, 162.2, 157.0, 150.2, 111.0, 118.3, 125.5, 130.5, 136.0, 143.9, 151.8, 144.6, 137.2, 131.2, 125.7, 118.4, 114.2, 125.6, 130.7, 136.4, 148.6, 136.6, 130.8, 125.6, 85.7, 98.7, 111.6, 124.1, 135.7, 145.8, 154.0, 160.5, 162.1, 159.8, 153.2, 144.9, 134.5, 122.2, 108.8, 95.3, 81.7, 74.5, 68.3, 66.4, 67.3, 70.4, 69.3, 65.3, 63.8, 65.3, 70.9, 80.3, 88.6, 96.7, 105.2, 112.3, 113.8, 115.0, 113.3, 111.6, 83.1, 79.5, 79.4, 83.5, 85.0, 85.2, 82.3, 77.5, 77.3, 80.4, 82.8, 83.2, 129.7, 125.8, 123.8, 124.8, 123.4, 125.0, 127.9, 134.5, 137.6, 138.4, 138.2, 135.8, 129.7, 128.3, 128.5, 127.8, 128.3, 131.1, 131.9, 131.6, -73.3, -71.8, -68.7, -64.1, -55.5, -41.9, -25.3, -7.6, 10.9, 29.4, 47.6, 64.9, 78.5, 86.5, 90.0, 91.8, 92.4, -57.1, -46.5, -32.5, -18.7, -6.7, 15.6, 28.4, 42.2, 56.4, 67.7, 5.3, 5.4, 5.4, 5.5, -7.6, -0.5, 6.5, 13.7, 20.3, -40.6, -31.9, -21.9, -13.3, -22.0, -32.0, 25.4, 33.6, 43.3, 52.1, 44.3, 34.7, -19.8, -9.1, 0.7, 7.2, 14.5, 25.5, 37.5, 26.5, 16.2, 8.2, 1.0, -9.0, -15.1, 0.8, 7.5, 15.0, 32.8, 15.3, 7.6, 0.8, -63.7, -42.6, -21.7, -1.5, 17.2, 32.9, 44.5, 52.1, 53.5, 50.8, 42.7, 31.0, 15.1, -4.5, -25.7, -47.0, -68.7, -74.2, -81.1, -81.7, -78.4, -72.8, -73.8, -79.9, -83.4, -82.9, -76.7, -59.4, -47.4, -36.0, -24.7, -16.9, -14.7, -13.0, -15.2, -17.6, -60.3, -64.4, -64.1, -58.0, -56.2, -56.2, -59.0, -65.6, -66.1, -62.5, -58.4, -57.6, 6.6, 1.1, -1.6, -0.2, -2.2, 0.0, 4.0, 12.9, 16.7, 17.8, 17.5, 14.7, 6.7, 4.3, 4.7, 3.7, 4.5, 8.1, 9.2, 8.8, 369.6, 369.4, 370.0, 370.2, 367.8, 361.1, 349.4, 334.3, 328.5, 333.1, 345.4, 355.4, 360.7, 361.9, 361.2, 360.9, 361.6, 334.7, 325.8, 317.6, 309.6, 303.8, 301.8, 305.2, 310.5, 316.3, 323.0, 303.0, 296.6, 289.7, 283.3, 302.2, 298.8, 296.2, 297.6, 299.5, 328.1, 322.7, 320.3, 318.9, 319.7, 322.2, 315.2, 314.9, 315.9, 319.1, 315.2, 314.3, 323.3, 308.1, 300.5, 299.1, 299.2, 306.1, 318.4, 308.1, 301.5, 301.4, 303.0, 310.8, 320.4, 303.0, 301.2, 301.6, 316.2, 302.3, 301.9, 304.0, 0.710, 0.109, 0.058, -0.038, 130.601, 108.507, 5.711, -5.483, -1.168, -1.748, -0.402, -2.258, -1.369, 1.475, 1.278, -0.490, -0.017, 0.232, -0.283, 0.026, -0.539, 0.106, 0.129, -0.028, -0.150, 0.100, 0.061, 0.150, -0.037, -0.039, -0.024, -0.145, -0.009, -0.002, 0.006, -0.011, 0.003, -0.002, -0.008, 0.001, 0.03, 0.00, 0.00, 0.93, 0.62, 0.00, 0.00, 1.67, 0.90, 0.00, 0.36, 1.59, 3.03, 0.00, 0.00, 0.00, 0.24, 0.0, 0.0, 0.0, 0.0, 0.0, 0.0, 0.0, 1.0, 1.0, 0.0, 1.0, 1.0, 1.0, 0.0, 0.0, 0.0, 1.0, 0.0
15, 0, 2.847, 0.03, 0, 0.000000, 0.000000, 0.000000, 0.000000, 0.000000, 0.000000, 0.000, 0.000, 104.0, 105.6, 109.2, 112.7, 114.0, 112.6, 108.7, 105.3, 99.5, 101.6, 104.6, 108.4, 112.3, 115.3, 117.3, 114.8, 111.4, 107.8, 104.4, 101.5, 107.4, 108.9, 110.5, 111.2, 110.7, 109.2, 107.6, 106.9, 148.9, 150.2, 153.8, 157.5, 159.2, 157.9, 154.4, 150.4, 145.4, 147.7, 150.8, 154.8, 158.7, 161.7, 163.7, 161.8, 158.9, 155.4, 151.7, 148.1, 152.5, 154.1, 155.7, 156.2, 155.5, 153.8, 152.3, 151.7, 79.6, 76.0, 74.7, 76.3, 79.9, 83.7, 84.8, 83.2, 81.2, 79.2, 78.0, 77.4, 78.2, 80.0, 82.4, 83.5, 83.7, 83.8, 83.5, 82.7, 81.4, 82.1, 81.5, 79.9, 78.3, 77.6, 78.2, 79.8, 80.0, 76.2, 74.6, 76.0, 79.7, 83.5, 85.1, 84.0, 82.4, 80.0, 78.3, 77.5, 78.1, 79.4, 81.5, 82.9, 83.6, 83.9, 83.8, 83.5, 81.7, 82.3, 81.6, 80.0, 78.3, 77.7, 78.4, 80.1, -24.8, -22.9, -18.6, -14.5, -13.0, -14.6, -19.1, -23.2, -30.6, -27.8, -24.0, -19.4, -14.9, -11.4, -9.0, -11.9, -15.9, -20.1, -24.2, -27.9, -20.7, -18.9, -17.1, -16.2, -16.9, -18.7, -20.6, -21.4, 27.1, 28.7, 32.9, 37.2, 39.1, 37.5, 33.3, 28.7, 23.3, 25.7, 29.2, 33.7, 38.3, 42.2, 45.1, 42.3, 38.5, 34.4, 30.1, 26.1, 31.3, 33.2, 35.0, 35.7, 34.9, 33.0, 31.2, 30.5, -53.6, -57.9, -59.5, -57.5, -53.0, -48.5, -47.2, -49.2, -52.6, -54.4, -55.4, -55.7, -54.8, -52.9, -50.4, -48.8, -48.3, -48.2, -48.9, -50.3, -51.5, -50.6, -51.3, -53.2, -55.2, -56.0, -55.3, -53.5, -51.1, -55.5, -57.6, -56.0, -51.7, -47.2, -45.2, -46.5, -48.5, -51.0, -52.8, -53.7, -53.4, -52.5, -50.7, -48.4, -47.1, -46.4, -46.5, -47.0, -49.4, -48.7, -49.6, -51.5, -53.4, -54.1, -53.2, -51.2, 269.1, 269.6, 269.4, 268.7, 267.9, 267.6, 267.6, 268.2, 273.6, 270.9, 268.3, 266.8, 266.9, 268.0, 269.3, 267.8, 266.6, 266.6, 268.1, 270.7, 269.2, 268.9, 268.8, 269.0, 269.4, 269.7, 269.8, 269.5, 258.5, 259.5, 260.5, 260.8, 260.3, 259.3, 258.4, 258.2, 259.6, 258.5, 257.7, 257.8, 259.5, 262.2, 265.0, 262.0, 259.2, 257.5, 257.2, 258.3, 259.6, 259.7, 260.2, 260.6, 260.8, 260.7, 260.3, 259.8, 9.0, -24.4, 322.4, 0.158, 0.101, -0.005, 83.3, 83.7, 85.3, 87.8, 92.7, 100.3, 109.6, 119.9, 131.9, 144.2, 155.6, 166.0, 174.2, 179.4, 182.2, 184.0, 184.9, 89.4, 96.0, 104.9, 113.9, 122.1, 139.5, 148.9, 158.5, 167.8, 174.7, 131.0, 130.6, 130.2, 129.9, 120.0, 125.1, 130.2, 135.6, 140.6, 99.3, 105.0, 111.8, 117.5, 111.4, 104.6, 145.2, 151.3, 158.2, 164.0, 158.7, 151.8, 111.6, 118.6, 125.5, 130.2, 135.6, 143.3, 151.1, 143.5, 136.1, 130.2, 125.0, 118.2, 114.6, 125.4, 130.3, 135.8, 147.9, 135.8, 130.2, 125.3, 83.0, 96.0, 109.0, 121.4, 132.9, 142.9, 151.0, 157.4, 159.1, 157.1, 150.8, 143.0, 133.3, 121.6, 109.0, 96.1, 83.2, 71.4, 65.9, 64.6, 66.0, 69.4, 69.0, 65.6, 64.5, 66.2, 71.7, 80.0, 88.2, 96.3, 104.7, 111.0, 112.8, 114.2, 112.8, 111.3, 81.1, 77.9, 78.1, 82.5, 83.7, 83.6, 82.5, 78.1, 78.2, 81.4, 83.7, 83.8, 127.3, 124.0, 122.4, 123.6, 122.4, 124.3, 127.3, 133.3, 136.0, 136.5, 136.0, 133.4, 127.5, 126.9, 127.4, 126.8, 127.6, 129.5, 130.0, 129.5, -69.4, -68.8, -66.3, -62.0, -53.6, -40.0, -24.1, -7.6, 10.3, 28.7, 47.3, 65.0, 78.9, 87.3, 91.5, 94.4, 96.0, -53.5, -42.4, -28.7, -15.4, -4.0, 19.6, 32.6, 46.4, 60.4, 71.4, 8.2, 7.5, 6.8, 6.3, -6.8, 0.1, 7.0, 14.2, 21.0, -37.9, -29.0, -18.9, -10.7, -19.5, -29.6, 28.4, 37.0, 46.8, 55.5, 47.4, 37.7, -19.6, -8.9, 0.6, 7.0, 14.3, 25.2, 37.3, 25.6, 15.1, 7.1, 0.0, -9.5, -15.1, 0.6, 7.2, 14.7, 32.4, 14.7, 7.1, 0.4, -69.8, -48.2, -26.8, -5.9, 13.2, 29.1, 40.8, 48.7, 50.3, 48.0, 39.9, 28.6, 13.3, -5.4, -25.6, -46.2, -67.0, -80.6, -86.5, -86.2, -82.0, -75.7, -75.5, -80.9, -83.8, -82.9, -76.6, -61.2, -49.1, -37.4, -25.9, -19.0, -16.5, -14.5, -16.3, -18.4, -64.7, -68.3, -67.4, -60.8, -59.3, -59.9, -59.9, -66.0, -66.1, -62.1, -58.2, -57.8, 3.3, -1.3, -3.6, -1.8, -3.5, -0.9, 3.3, 11.5, 14.9, 15.6, 15.0, 11.8, 3.6, 2.6, 3.2, 2.5, 3.7, 6.1, 6.8, 6.2, 379.3, 379.5, 380.5, 380.4, 377.4, 370.0, 357.6, 342.6, 336.8, 340.9, 352.4, 361.3, 365.3, 365.5, 364.5, 364.4, 365.1, 342.2, 333.3, 324.8, 316.5, 310.3, 307.4, 310.7, 315.6, 321.1, 327.6, 309.7, 303.7, 297.1, 291.0, 310.0, 306.6, 304.0, 305.0, 306.6, 336.1, 330.3, 327.6, 325.9, 327.0, 329.9, 321.2, 320.7, 321.4, 324.7, 320.9, 320.2, 331.7, 316.6, 308.6, 307.1, 307.1, 313.6, 325.4, 315.6, 309.5, 309.4, 311.2, 319.1, 328.7, 311.2, 309.4, 309.6, 323.2, 310.1, 309.9, 312.0, 0.694, 0.121, 0.096, -0.004, 131.575, 107.336, 3.968, -1.290, -3.489, -3.650, 4.194, -1.933, -3.100, 0.794, -1.200, -0.922, 1.279, 0.256, 0.194, -0.279, -0.217, -0.050, -0.287, 0.204, -0.108, -0.213, -0.172, 0.096, 0.105, -0.126, 0.014, -0.022, 0.011, -0.011, 0.001, -0.019, -0.001, -0.006, 0.003, 0.005, 1.03, 0.00, 1.10, 1.06, 0.11, 0.00, 0.00, 1.22, 1.38, 0.18, 0.00, 0.54, 0.00, 0.50, 0.00, 0.00, 1.04, 0.0, 0.0, 1.0, 0.0, 0.0, 0.0, 0.0, 1.0, 1.0, 0.0, 0.0, 0.0, 0.0, 1.0, 0.0, 0.0, 1.0, 0.0
16, 0, 3.051, 0.03, 0, 0.000000, 0.000000, 0.000000, 0.000000, 0.000000, 0.000000, 0.000, 0.000, 105.3, 106.9, 110.4, 113.8, 115.0, 113.7, 109.9, 106.5, 101.0, 103.0, 105.9, 109.6, 113.4, 116.3, 118.3, 115.9, 112.5, 109.0, 105.7, 102.9, 108.6, 110.1, 111.6, 112.4, 111.8, 110.3, 108.8, 108.1, 148.9, 150.2, 153.7, 157.4, 159.1, 157.8, 154.3, 150.3, 145.4, 147.6, 150.7, 154.7, 158.5, 161.5, 163.6, 161.6, 158.7, 155.3, 151.6, 148.0, 152.4, 154.0, 155.6, 156.1, 155.4, 153.8, 152.2, 151.7, 79.0, 75.5, 74.2, 75.7, 79.3, 83.0, 84.1, 82.5, 80.7, 78.7, 77.4, 76.8, 77.6, 79.4, 81.8, 82.8, 83.0, 83.1, 82.8, 82.1, 80.8, 81.4, 80.9, 79.3, 77.8, 77.1, 77.7, 79.2, 79.4, 75.7, 74.1, 75.5, 79.1, 82.8, 84.5, 83.4, 81.9, 79.4, 77.7, 76.9, 77.5, 78.9, 80.9, 82.3, 83.0, 83.3, 83.2, 82.9, 81.1, 81.7, 81.0, 79.4, 77.8, 77.2, 77.9, 79.5, -23.8, -21.9, -17.6, -13.5, -12.0, -13.6, -18.1, -22.2, -29.5, -26.8, -23.0, -18.4, -13.9, -10.4, -8.0, -11.0, -14.9, -19.1, -23.2, -26.8, -19.7, -17.9, -16.1, -15.2, -15.9, -17.7, -19.6, -20.4, 27.3, 28.9, 33.1, 37.4, 39.2, 37.6, 33.4, 28.9, 23.4, 25.8, 29.3, 33.8, 38.4, 42.3, 45.2, 42.4, 38.6, 34.5, 30.2, 26.3, 31.4, 33.3, 35.1, 35.9, 35.0, 33.1, 31.3, 30.6, -55.5, -59.8, -61.4, -59.3, -54.9, -50.3, -49.0, -51.0, -54.4, -56.3, -57.3, -57.6, -56.7, -54.7, -52.1, -50.6, -50.1, -50.0, -50.7, -52.1, -53.4, -52.5, -53.2, -55.0, -57.0, -57.9, -57.2, -55.3, -52.1, -56.6, -58.7, -57.1, -52.8, -48.3, -46.3, -47.5, -49.5, -52.0, -53.9, -54.9, -54.5, -53.5, -51.6, -49.4, -48.1, -47.5, -47.6, -48.0, -50.4, -49.7, -50.6, -52.5, -54.4, -55.1, -54.2, -52.3, 274.9, 275.4, 275.2, 274.4, 273.4, 273.1, 273.1, 273.9, 279.5, 276.8, 274.1, 272.5, 272.5, 273.5, 274.7, 273.3, 272.1, 272.2, 273.8, 276.5, 274.9, 274.5, 274.4, 274.6, 275.1, 275.4, 275.5, 275.3, 260.4, 261.5, 262.5, 262.7, 262.1, 261.0, 260.1, 260.0, 261.5, 260.4, 259.6, 259.7, 261.4, 264.1, 266.8, 263.7, 260.9, 259.2, 259.0, 260.1, 261.5, 261.6, 262.0, 262.4, 262.7, 262.6, 262.2, 261.7, 9.7, -24.9, 324.5, 0.167, 0.140, -0.008, 86.4, 87.0, 88.6, 91.0, 95.4, 102.4, 111.1, 120.6, 132.3, 144.6, 156.2, 166.7, 175.0, 180.2, 183.1, 184.9, 185.9, 90.7, 96.3, 105.0, 114.1, 122.5, 138.7, 148.4, 158.5, 168.3, 175.1, 130.9, 130.4, 129.7, 129.2, 119.9, 124.8, 130.0, 135.5, 140.6, 100.8, 106.2, 112.9, 118.5, 112.5, 105.8, 145.1, 151.2, 158.1, 163.8, 158.5, 151.8, 112.1, 118.6, 125.4, 130.1, 135.8, 143.7, 152.0, 144.0, 136.3, 130.3, 125.0, 118.3, 115.0, 125.4, 130.3, 136.0, 148.7, 136.1, 130.3, 125.3, 82.3, 95.3, 108.1, 120.4, 131.9, 142.0, 150.5, 157.2, 159.1, 157.2, 150.9, 142.9, 133.1, 121.4, 108.7, 95.9, 82.7, 72.8, 66.5, 64.6, 65.9, 69.4, 69.1, 65.6, 64.6, 66.8, 73.0, 79.5, 87.8, 96.1, 104.7, 110.6, 112.4, 113.9, 112.4, 110.8, 80.6, 77.3, 77.5, 81.9, 83.0, 83.0, 82.0, 77.4, 77.6, 80.9, 83.1, 83.2, 126.3, 123.5, 122.1, 123.4, 122.2, 123.9, 126.5, 132.9, 135.8, 136.3, 135.8, 132.9, 126.7, 126.3, 126.8, 126.3, 126.8, 129.4, 130.1, 129.5, -65.0, -64.1, -61.4, -57.4, -49.5, -37.0, -22.1, -6.6, 10.9, 29.4, 48.2, 66.1, 80.1, 88.6, 92.9, 95.8, 97.6, -52.5, -42.6, -28.8, -15.2, -3.4, 18.5, 31.9, 46.3, 61.0, 72.1, 8.1, 7.1, 6.2, 5.4, -7.0, -0.2, 6.6, 14.1, 21.0, -36.0, -27.5, -17.6, -9.4, -18.0, -28.0, 28.4, 37.0, 46.6, 55.2, 47.2, 37.6, -19.0, -9.0, 0.5, 7.0, 14.6, 25.9, 38.6, 26.4, 15.4, 7.2, 0.0, -9.4, -14.7, 0.6, 7.2, 15.0, 33.8, 15.1, 7.2, 0.4, -72.0, -50.1, -28.6, -7.7, 11.6, 27.9, 40.4, 48.8, 50.7, 48.3, 40.0, 28.4, 13.0, -5.7, -26.0, -46.6, -67.7, -79.8, -86.8, -87.0, -82.8, -76.1, -75.7, -81.1, -83.7, -82.0, -74.9, -62.1, -49.6, -37.7, -25.9, -19.8, -17.0, -14.9, -16.9, -19.1, -66.1, -69.8, -68.8, -62.0, -60.8, -61.4, -60.7, -67.0, -66.9, -62.8, -59.0, -58.8, 2.0, -2.1, -3.9, -2.1, -3.8, -1.5, 2.1, 11.0, 14.7, 15.5, 14.9, 11.2, 2.4, 1.7, 2.5, 1.8, 2.6, 6.1, 6.9, 6.2, 384.1, 384.0, 384.4, 384.1, 380.9, 373.7, 361.2, 345.4, 338.5, 341.8, 352.8, 361.2, 365.0, 365.5, 364.7, 364.4, 365.3, 348.7, 338.4, 328.4, 318.8, 311.6, 308.5, 311.0, 315.6, 321.2, 328.1, 310.7, 304.3, 297.4, 291.1, 311.9, 307.7, 304.3, 305.4, 306.9, 339.3, 333.4, 330.2, 328.2, 329.7, 332.8, 321.9, 321.0, 321.3, 324.0, 320.6, 320.5, 335.5, 319.6, 310.7, 308.8, 308.3, 314.5, 326.4, 316.8, 310.8, 311.2, 313.5, 322.2, 332.4, 313.3, 311.1, 310.9, 324.4, 311.6, 311.7, 314.4, 0.691, 0.123, 0.136, -0.007, 132.115, 107.017, 6.307, -2.762, 2.029, 0.612, 3.523, 0.694, -2.887, -0.512, 1.827, 0.294, -1.126, -0.304, 1.009, 1.116, -0.168, -0.072, 0.416, 0.200, 0.257, 0.323, 0.055, -0.575, 0.014, -0.092, 0.097, -0.187, 0.009, -0.042, 0.003, 0.009, -0.003, 0.007, -0.000, 0.002, 0.90, 0.00, 0.84, 1.30, 0.00, 0.00, 0.41, 0.27, 0.94, 0.00, 0.00, 0.54, 0.00, 0.88, 0.00, 0.00, 0.00, 1.0, 1.0, 1.0, 0.0, 0.0, 0.0, 0.0, 1.0, 1.0, 0.0, 0.0, 1.0, 1.0, 1.0, 0.0, 0.0, 1.0, 0.0
17, 0, 3.254, 0.03, 0, 0.000000, 0.000000, 0.000000, 0.000000, 0.000000, 0.000000, 0.000, 0.000, 79.6, 80.3, 81.8, 83.3, 83.8, 83.2, 81.6, 80.2, 77.6, 78.5, 79.8, 81.5, 83.1, 84.3, 85.2, 84.1, 82.7, 81.2, 79.7, 78.5, 81.0, 81.7, 82.3, 82.6, 82.4, 81.8, 81.1, 80.8, 98.2, 98.7, 100.2, 101.7, 102.4, 101.8, 100.4, 98.7, 96.7, 97.6, 99.0, 100.6, 102.2, 103.3, 104.1, 103.4, 102.2, 100.9, 99.3, 97.8, 99.6, 100.2, 100.9, 101.1, 100.8, 100.2, 99.5, 99.3, 59.4, 57.9, 57.4, 58.0, 59.6, 61.2, 61.6, 60.9, 60.2, 59.4, 58.8, 58.6, 59.0, 59.7, 60.7, 61.1, 61.1, 61.1, 61.0, 60.7, 60.2, 60.5, 60.2, 59.6, 58.9, 58.6, 58.9, 59.5, 59.8, 58.3, 57.7, 58.3, 59.8, 61.3, 62.0, 61.5, 60.9, 60.0, 59.3, 59.0, 59.3, 59.9, 60.7, 61.2, 61.4, 61.5, 61.4, 61.3, 60.6, 60.8, 60.6, 59.9, 59.2, 59.0, 59.2, 59.9, -127.5, -125.7, -121.5, -117.3, -115.6, -117.1, -121.6, -125.8, -134.0, -130.9, -126.7, -121.8, -117.3, -114.1, -112.0, -114.6, -118.3, -122.6, -126.9, -130.9, -123.5, -121.7, -119.8, -119.0, -119.8, -121.6, -123.5, -124.3, -74.0, -72.7, -68.8, -64.7, -62.7, -64.1, -67.9, -72.4, -78.1, -75.4, -71.7, -67.2, -63.1, -60.2, -58.4, -60.1, -62.9, -66.5, -70.7, -74.9, -70.2, -68.4, -66.7, -66.1, -67.0, -68.8, -70.5, -71.1, -184.2, -188.6, -190.3, -188.2, -183.7, -179.0, -177.7, -179.7, -183.2, -184.8, -185.6, -185.9, -185.0, -183.3, -180.9, -179.4, -178.8, -178.7, -179.4, -180.9, -182.1, -181.2, -181.9, -183.8, -185.8, -186.7, -186.0, -184.1, -179.7, -184.3, -186.4, -184.8, -180.5, -175.9, -173.8, -175.1, -177.0, -179.3, -181.1, -182.0, -181.8, -181.0, -179.4, -177.1, -175.7, -174.9, -174.9, -175.5, -178.1, -177.4, -178.3, -180.3, -182.2, -182.9, -182.0, -180.0, 639.9, 640.7, 641.0, 640.4, 639.5, 638.8, 638.4, 638.9, 644.0, 641.5, 639.2, 638.0, 638.4, 639.5, 640.9, 639.2, 637.7, 637.5, 638.8, 641.2, 640.1, 639.9, 640.0, 640.4, 640.8, 641.0, 640.9, 640.6, 628.4, 629.7, 631.0, 631.5, 631.0, 629.7, 628.4, 628.0, 629.1, 628.2, 627.7, 628.2, 630.2, 633.2, 636.0, 632.8, 629.8, 627.7, 627.2, 627.9, 629.7, 629.9, 630.5, 631.0, 631.3, 631.0, 630.5, 629.9, -118.1, -183.6, 786.2, 0.293, -0.145, 0.054, 69.4, 69.5, 70.0, 70.9, 72.8, 76.1, 80.2, 84.9, 90.1, 95.2, 99.6, 103.7, 107.0, 109.2, 110.4, 111.2, 111.6, 73.2, 76.1, 80.1, 84.1, 87.7, 94.7, 98.5, 102.4, 106.1, 108.6, 91.3, 91.2, 91.2, 91.2, 86.4, 88.6, 90.9, 93.2, 95.2, 77.5, 80.0, 82.9, 85.2, 82.7, 79.8, 96.6, 99.2, 102.0, 104.2, 102.1, 99.4, 81.9, 85.4, 88.6, 90.7, 93.1, 96.2, 99.0, 96.1, 93.1, 90.6, 88.3, 85.1, 83.3, 88.5, 90.7, 93.1, 97.8, 93.0, 90.6, 88.4, 61.3, 66.8, 72.4, 77.8, 82.7, 87.1, 90.6, 93.4, 94.2, 93.5, 91.0, 87.7, 83.6, 78.6, 73.2, 67.8, 62.2, 56.4, 53.9, 53.2, 53.7, 55.2, 55.2, 53.9, 53.6, 54.6, 57.1, 59.6, 63.1, 66.5, 70.1, 72.7, 73.5, 74.1, 73.6, 73.0, 60.2, 58.8, 58.9, 60.7, 61.1, 61.1, 61.0, 59.2, 59.3, 60.7, 61.5, 61.5, 79.7, 78.3, 77.6, 78.2, 77.7, 78.6, 80.0, 82.7, 83.8, 84.0, 83.8, 82.6, 79.8, 79.4, 79.7, 79.5, 80.1, 81.2, 81.4, 81.1, -200.7, -200.5, -198.8, -195.3, -187.6, -174.5, -157.7, -138.7, -119.9, -103.3, -89.4, -76.2, -64.9, -57.1, -52.6, -49.7, -48.5, -179.3, -167.5, -152.5, -137.5, -124.6, -101.3, -89.0, -76.7, -64.7, -56.7, -112.9, -111.9, -110.8, -109.8, -128.5, -120.6, -112.7, -105.5, -99.1, -163.0, -153.6, -143.5, -135.3, -143.9, -154.0, -96.6, -87.9, -78.6, -71.3, -77.9, -87.1, -147.2, -132.9, -120.9, -113.8, -106.0, -96.8, -88.7, -97.2, -106.2, -114.6, -122.5, -134.3, -142.2, -121.6, -114.3, -106.4, -92.7, -106.7, -114.7, -122.3, -230.0, -209.9, -190.0, -170.6, -152.1, -135.4, -121.1, -109.4, -106.0, -109.1, -119.8, -133.2, -149.0, -167.3, -186.8, -206.6, -227.0, -237.2, -243.6, -243.8, -239.9, -233.4, -233.5, -239.4, -242.4, -241.2, -234.4, -218.7, -205.2, -192.0, -178.7, -174.1, -170.8, -168.1, -170.5, -173.1, -222.6, -226.1, -225.2, -218.7, -217.4, -217.9, -217.9, -224.2, -224.3, -220.4, -216.4, -216.1, -154.8, -156.8, -157.6, -155.5, -157.2, -155.9, -153.7, -142.3, -137.2, -136.4, -137.4, -142.8, -153.8, -152.0, -150.9, -151.7, -152.8, -146.4, -145.4, -146.6, 822.7, 822.4, 822.9, 822.7, 819.7, 813.1, 802.0, 788.0, 783.8, 789.9, 803.4, 814.2, 820.0, 822.0, 822.0, 822.4, 824.0, 788.4, 780.8, 773.8, 767.0, 762.2, 762.3, 766.8, 773.2, 780.0, 787.1, 762.0, 755.1, 747.8, 741.0, 758.6, 755.4, 753.1, 755.4, 758.2, 782.2, 777.9, 776.4, 775.5, 775.5, 777.0, 775.3, 775.9, 777.4, 781.0, 776.6, 775.0, 778.8, 764.5, 757.6, 756.6, 757.6, 765.2, 778.4, 767.1, 759.5, 758.4, 759.5, 766.5, 776.3, 759.8, 758.6, 759.8, 775.9, 760.7, 759.5, 760.9, 0.293, 0.079, -0.010, 0.026, 90.705, 71.616, -1.137, -0.164, 1.682, 0.639, -0.046, 0.400, -0.337, 0.408, -0.225, 0.139, -0.115, -0.037, 0.086, 0.067, 0.011, -0.047, -0.039, -0.014, 0.035, -0.009, -0.019, -0.016, -0.004, 0.009, 0.001, 0.010, -0.007, -0.002, -0.004, -0.004, -0.003, 0.000, -0.000, 0.002, 1.39, 0.13, 1.84, 0.00, 0.54, 1.52, 0.00, 0.43, 0.45, 0.00, 0.70, 0.29, 0.00, 0.00, 0.00, 0.00, 0.00, 1.0, 1.0, 1.0, 0.0, 1.0, 1.0, 0.0, 1.0, 0.0, 0.0, 1.0, 1.0, 1.0, 0.0, 0.0, 0.0, 1.0, 0.0
18, 0, 3.458, 0.43, 0, 0.000000, 0.000000, 0.000000, 0.000000, 0.000000, 0.000000, 0.000, 0.000, 77.4, 77.9, 79.3, 80.9, 81.6, 81.2, 79.6, 78.1, 75.4, 76.2, 77.5, 79.2, 80.9, 82.2, 83.1, 82.1, 80.7, 79.2, 77.7, 76.4, 78.9, 79.6, 80.2, 80.4, 80.1, 79.4, 78.8, 78.6, 95.9, 96.3, 97.6, 99.2, 100.1, 99.8, 98.4, 96.7, 94.6, 95.4, 96.7, 98.3, 99.9, 101.1, 101.9, 101.3, 100.2, 98.9, 97.3, 95.8, 97.4, 98.1, 98.7, 98.9, 98.5, 97.8, 97.2, 97.0, 59.9, 58.3, 57.5, 58.1, 59.5, 61.2, 61.9, 61.4, 60.9, 60.0, 59.3, 58.9, 59.0, 59.6, 60.5, 61.0, 61.3, 61.5, 61.5, 61.4, 60.5, 60.7, 60.4, 59.7, 59.0, 58.8, 59.2, 59.8, 58.0, 56.4, 55.5, 55.9, 57.4, 59.0, 59.8, 59.6, 59.2, 58.2, 57.3, 56.8, 56.8, 57.2, 58.0, 58.6, 59.1, 59.3, 59.5, 59.6, 58.5, 58.7, 58.3, 57.6, 57.0, 56.8, 57.2, 57.9, -131.2, -129.9, -125.9, -121.5, -119.3, -120.4, -124.7, -129.0, -137.5, -134.6, -130.6, -125.8, -121.2, -117.8, -115.5, -117.9, -121.5, -125.8, -130.1, -134.2, -127.0, -125.1, -123.4, -122.8, -123.7, -125.7, -127.4, -128.0, -78.9, -78.2, -74.7, -70.4, -67.9, -68.7, -72.2, -76.8, -82.7, -80.3, -76.9, -72.5, -68.5, -65.6, -63.6, -65.0, -67.5, -70.9, -75.1, -79.3, -75.0, -73.2, -71.6, -71.3, -72.4, -74.3, -75.8, -76.1, -179.3, -183.9, -186.0, -184.4, -180.1, -175.3, -173.5, -175.0, -177.8, -179.6, -180.7, -181.5, -181.2, -179.9, -178.0, -176.0, -174.9, -174.3, -174.6, -175.7, -177.7, -177.1, -178.0, -180.0, -181.9, -182.5, -181.6, -179.6, -182.0, -186.8, -189.5, -188.5, -184.5, -179.8, -177.1, -177.7, -178.8, -181.4, -183.7, -185.3, -185.8, -185.6, -184.4, -181.7, -179.6, -178.3, -177.7, -177.7, -181.0, -180.6, -181.8, -183.9, -185.6, -186.0, -184.8, -182.8, 627.5, 628.1, 628.3, 627.8, 627.1, 626.6, 626.3, 626.7, 631.7, 629.2, 626.8, 625.5, 625.9, 627.1, 628.6, 627.0, 625.5, 625.3, 626.6, 629.0, 627.8, 627.6, 627.7, 628.0, 628.3, 628.5, 628.5, 628.2, 618.9, 620.1, 621.4, 622.1, 621.9, 620.7, 619.4, 618.8, 619.6, 618.7, 618.2, 618.8, 621.0, 624.1, 627.2, 623.9, 620.8, 618.7, 618.0, 618.6, 620.4, 620.7, 621.3, 621.8, 621.9, 621.6, 621.0, 620.5, -120.1, -185.3, 782.3, 0.386, -0.198, -0.051, 67.1, 67.8, 69.0, 70.7, 73.2, 76.9, 81.5, 86.7, 92.0, 96.9, 100.8, 104.3, 107.0, 108.5, 109.1, 109.3, 109.0, 70.5, 73.2, 77.2, 81.3, 85.1, 92.1, 95.7, 99.4, 103.1, 105.8, 89.2, 89.7, 90.2, 90.7, 86.1, 88.4, 90.8, 92.9, 94.8, 75.3, 77.7, 80.6, 83.2, 80.7, 77.8, 94.5, 96.9, 99.7, 102.0, 100.1, 97.4, 82.5, 85.8, 88.9, 91.1, 93.3, 96.4, 99.1, 96.8, 94.1, 91.6, 89.3, 86.0, 83.8, 89.0, 91.2, 93.5, 97.9, 93.6, 91.3, 89.1, 62.1, 67.6, 73.1, 78.4, 83.2, 87.3, 90.7, 93.2, 93.4, 92.0, 88.7, 84.6, 79.8, 74.5, 68.9, 63.3, 57.6, 57.4, 54.7, 53.7, 53.9, 55.0, 54.0, 52.1, 51.1, 51.5, 53.6, 58.9, 62.6, 66.3, 70.1, 73.0, 73.5, 73.9, 73.0, 72.1, 60.8, 59.2, 59.0, 60.6, 61.3, 61.6, 59.3, 57.1, 56.9, 58.0, 59.1, 59.5, 80.3, 78.7, 77.7, 78.1, 77.3, 77.7, 78.5, 81.7, 83.3, 83.8, 83.9, 82.9, 80.3, 79.6, 79.6, 79.1, 78.8, 80.6, 81.1, 81.1, -205.4, -203.3, -199.5, -194.2, -184.8, -170.5, -152.6, -132.4, -113.3, -97.3, -85.1, -73.9, -64.7, -59.3, -56.9, -56.3, -57.4, -185.1, -174.2, -159.5, -144.5, -131.3, -108.5, -97.3, -85.7, -74.0, -65.5, -118.3, -115.7, -113.0, -110.4, -128.4, -120.3, -112.3, -105.5, -99.6, -167.9, -159.1, -149.0, -140.2, -148.6, -158.6, -102.4, -94.6, -85.4, -78.0, -83.8, -92.8, -144.3, -130.6, -119.0, -111.9, -104.6, -95.6, -87.8, -94.5, -102.7, -110.7, -118.5, -130.5, -139.1, -119.2, -111.9, -104.5, -91.6, -104.2, -111.8, -119.3, -223.2, -203.9, -185.0, -166.7, -149.2, -133.7, -120.4, -109.9, -108.4, -114.2, -127.9, -144.2, -162.0, -181.4, -201.1, -220.9, -241.1, -229.8, -236.6, -238.0, -235.4, -230.5, -233.9, -241.7, -247.0, -248.2, -243.7, -218.0, -204.2, -190.6, -176.9, -171.7, -169.2, -167.4, -170.9, -174.7, -216.9, -221.2, -221.5, -216.2, -213.7, -213.0, -220.7, -228.1, -229.6, -227.1, -221.8, -220.1, -151.5, -154.2, -156.1, -154.8, -157.6, -158.0, -158.0, -145.0, -138.4, -136.4, -136.5, -140.7, -151.0, -150.6, -150.4, -152.3, -156.4, -147.5, -145.5, -145.8, 808.4, 810.0, 812.4, 814.2, 813.0, 808.3, 799.1, 786.8, 783.2, 789.4, 802.3, 812.7, 817.6, 818.3, 816.7, 815.3, 815.0, 774.5, 766.7, 760.1, 754.0, 750.2, 751.1, 755.3, 761.9, 769.2, 777.1, 751.8, 745.8, 739.6, 733.9, 751.8, 748.9, 747.2, 749.5, 752.4, 770.4, 766.0, 764.7, 764.5, 764.6, 765.8, 765.6, 765.9, 767.7, 772.0, 767.6, 765.8, 772.6, 758.8, 752.4, 751.8, 752.9, 760.7, 773.8, 763.5, 756.6, 755.4, 756.1, 761.9, 770.1, 755.2, 754.2, 755.6, 771.3, 756.9, 755.5, 756.6, 0.295, 0.159, -0.062, -0.093, 89.942, 70.811, -5.720, -1.442, -1.692, 5.386, -0.351, 0.879, 0.277, 0.539, -0.211, 0.215, 0.000, 0.106, -0.131, 0.052, 0.157, -0.036, 0.046, 0.000, -0.053, -0.059, 0.011, -0.009, 0.030, -0.013, 0.032, 0.011, 0.012, -0.002, 0.002, -0.002, 0.003, -0.003, 0.002, 0.001, 1.69, 0.00, 1.60, 0.25, 0.65, 0.53, 0.22, 0.00, 0.94, 0.53, 0.70, 1.07, 0.00, 1.78, 0.00, 0.00, 0.37, 1.0, 0.0, 1.0, 0.0, 1.0, 1.0, 0.0, 0.0, 1.0, 0.0, 1.0, 1.0, 0.0, 1.0, 0.0, 0.0, 1.0, 1.0
19, 0, 3.661, 0.03, 0, 0.000000, 0.000000, 0.000000, 0.000000, 0.000000, 0.000000, 0.000, 0.000, 76.9, 77.4, 78.8, 80.4, 81.2, 80.8, 79.2, 77.6, 75.0, 75.8, 77.0, 78.6, 80.4, 81.7, 82.7, 81.7, 80.3, 78.7, 77.2, 76.0, 78.5, 79.1, 79.8, 80.0, 79.7, 79.0, 78.3, 78.1, 95.8, 96.1, 97.5, 99.2, 100.1, 99.8, 98.4, 96.7, 94.5, 95.3, 96.5, 98.2, 99.8, 101.2, 102.1, 101.4, 100.3, 98.9, 97.3, 95.7, 97.4, 98.1, 98.7, 98.9, 98.5, 97.7, 97.1, 97.0, 59.2, 57.6, 56.9, 57.3, 58.8, 60.5, 61.2, 60.7, 60.2, 59.3, 58.7, 58.2, 58.3, 58.9, 59.7, 60.3, 60.6, 60.9, 60.9, 60.7, 59.8, 60.0, 59.7, 59.0, 58.3, 58.1, 58.5, 59.2, 56.8, 55.2, 54.2, 54.6, 56.1, 57.7, 58.7, 58.4, 58.2, 57.0, 56.1, 55.5, 55.5, 55.9, 56.6, 57.3, 57.8, 58.1, 58.3, 58.4, 57.3, 57.5, 57.1, 56.4, 55.7, 55.6, 56.0, 56.7, -131.8, -130.5, -126.4, -122.0, -119.8, -120.8, -125.1, -129.5, -137.8, -135.1, -131.2, -126.5, -121.8, -118.3, -115.8, -118.3, -122.0, -126.3, -130.6, -134.6, -127.5, -125.6, -123.8, -123.2, -124.2, -126.1, -127.9, -128.5, -77.5, -76.8, -73.2, -68.8, -66.3, -67.0, -70.5, -75.2, -81.1, -78.9, -75.5, -71.1, -66.9, -63.7, -61.5, -63.0, -65.8, -69.3, -73.5, -77.7, -73.4, -71.5, -69.9, -69.6, -70.8, -72.7, -74.2, -74.5, -180.1, -184.6, -186.7, -185.2, -180.9, -176.1, -174.2, -175.8, -178.7, -180.4, -181.4, -182.2, -181.9, -180.7, -178.8, -176.8, -175.6, -175.0, -175.3, -176.5, -178.5, -177.8, -178.8, -180.7, -182.6, -183.3, -182.4, -180.4, -181.0, -185.7, -188.5, -187.6, -183.6, -178.9, -176.1, -176.7, -177.7, -180.4, -182.6, -184.2, -184.8, -184.7, -183.7, -180.9, -178.8, -177.3, -176.7, -176.6, -180.0, -179.6, -180.8, -182.9, -184.7, -185.0, -183.8, -181.8, 624.0, 624.4, 624.2, 623.6, 622.8, 622.5, 622.5, 623.2, 628.6, 625.8, 623.2, 621.6, 621.7, 622.8, 624.1, 622.7, 621.5, 621.6, 623.1, 625.7, 624.1, 623.8, 623.7, 623.9, 624.3, 624.6, 624.6, 624.4, 604.9, 605.9, 606.9, 607.4, 607.0, 606.0, 605.0, 604.7, 605.9, 604.8, 604.0, 604.3, 606.2, 609.1, 612.0, 608.9, 606.0, 604.2, 603.8, 604.6, 606.1, 606.3, 606.8, 607.2, 607.4, 607.2, 606.7, 606.3, -115.3, -181.9, 757.6, 0.436, -0.093, -0.092, 67.8, 68.8, 70.2, 72.1, 74.8, 78.6, 83.1, 88.1, 93.5, 98.8, 103.2, 107.1, 109.9, 111.4, 111.7, 111.6, 111.1, 70.1, 72.5, 76.3, 80.3, 84.1, 91.1, 94.9, 99.0, 103.1, 106.2, 88.4, 88.8, 89.2, 89.7, 85.6, 87.9, 90.3, 92.6, 94.7, 75.0, 77.2, 80.1, 82.8, 80.3, 77.4, 94.4, 96.7, 99.6, 102.2, 100.2, 97.3, 82.8, 85.7, 88.8, 90.9, 93.3, 96.7, 100.1, 97.4, 94.4, 91.8, 89.4, 86.2, 84.2, 89.0, 91.2, 93.6, 98.8, 93.9, 91.4, 89.1, 61.1, 66.7, 72.2, 77.5, 82.4, 86.6, 90.1, 92.9, 93.1, 91.4, 87.6, 83.2, 78.2, 72.6, 66.8, 61.0, 55.2, 56.8, 54.1, 53.0, 53.2, 54.4, 53.2, 51.0, 49.9, 50.0, 52.0, 58.2, 62.1, 65.9, 69.9, 72.6, 73.2, 73.6, 72.6, 71.5, 60.2, 58.6, 58.3, 59.8, 60.6, 61.0, 58.2, 56.0, 55.6, 56.6, 57.9, 58.3, 79.8, 78.4, 77.4, 77.7, 76.9, 77.0, 77.5, 81.1, 83.0, 83.6, 83.6, 82.7, 79.9, 79.2, 79.2, 78.6, 77.9, 80.2, 80.8, 80.8, -198.6, -195.9, -191.5, -185.5, -175.7, -161.2, -143.7, -124.2, -105.2, -88.1, -74.2, -61.8, -52.3, -47.1, -45.6, -45.8, -47.5, -182.1, -172.0, -157.8, -143.1, -130.0, -107.5, -95.8, -83.5, -70.8, -61.2, -116.6, -114.4, -112.1, -109.9, -126.0, -118.0, -110.0, -102.9, -96.7, -164.7, -156.3, -146.3, -137.2, -145.6, -155.6, -98.9, -91.3, -82.0, -74.0, -80.3, -89.4, -139.3, -127.1, -116.0, -108.8, -101.2, -91.1, -81.5, -89.3, -98.3, -106.6, -114.5, -126.2, -134.4, -115.7, -108.4, -100.6, -85.5, -100.1, -108.0, -115.5, -222.1, -203.1, -184.5, -166.4, -149.0, -133.3, -119.5, -108.2, -106.6, -112.8, -127.2, -143.9, -161.9, -181.0, -200.3, -219.6, -239.3, -226.1, -232.2, -233.0, -230.0, -224.8, -227.7, -235.4, -240.8, -242.2, -238.1, -212.5, -198.8, -185.2, -171.6, -167.5, -164.8, -163.0, -166.5, -170.3, -213.2, -217.0, -217.2, -212.0, -209.6, -209.1, -216.0, -223.0, -224.4, -222.3, -217.0, -215.3, -149.2, -150.9, -152.2, -151.0, -153.8, -154.8, -155.7, -142.2, -135.1, -133.0, -133.2, -137.7, -148.5, -147.1, -146.8, -148.8, -154.0, -144.0, -141.9, -142.3, 791.8, 793.8, 796.5, 798.5, 797.1, 791.6, 781.0, 766.9, 761.3, 765.2, 776.0, 784.3, 787.5, 787.0, 784.3, 781.9, 780.7, 755.7, 746.3, 737.9, 730.2, 725.0, 722.8, 725.2, 730.0, 735.8, 742.9, 725.4, 719.9, 714.2, 709.0, 729.1, 725.4, 722.7, 724.0, 725.9, 749.9, 744.3, 741.9, 740.9, 742.0, 744.4, 737.0, 735.9, 736.5, 739.9, 736.6, 736.0, 752.7, 737.2, 729.3, 727.9, 727.9, 734.5, 746.8, 737.9, 732.2, 732.1, 733.8, 741.0, 749.8, 732.3, 730.4, 730.7, 744.8, 732.3, 732.0, 734.0, 0.305, 0.211, 0.050, -0.141, 90.272, 70.034, -2.982, -2.456, -0.182, 2.666, -1.185, 0.863, 0.786, 0.216, 0.221, 0.594, -0.222, 0.010, -0.163, 0.026, -0.002, -0.029, 0.016, -0.055, 0.033, -0.055, -0.080, -0.017, 0.071, 0.019, -0.050, -0.004, -0.007, 0.000, 0.002, 0.003, -0.000, 0.002, 0.003, 0.000, 1.23, 0.32, 0.00, 1.12, 0.53, 1.27, 0.00, 0.42, 0.73, 0.41, 0.35, 0.72, 1.23, 0.04, 0.60, 0.84, 0.91, 1.0, 1.0, 0.0, 1.0, 1.0, 1.0, 0.0, 0.0, 0.0, 0.0, 1.0, 1.0, 0.0, 0.0, 0.0, 0.0, 0.0, 0.0
